#env	min	mean	max	gen_type	agent num
0.5	-0.22949430119099273	0.5012129734737942	1.1787497212806066	0	1754
0.5	-0.18413275467887202	0.5004308800523464	1.2413307273625585	1	1712
0.505	-0.22949430119099273	0.5007412886397049	1.2145141225140519	0	2735
0.505	-0.18809109677025282	0.5004836878534705	1.2413307273625585	1	2659
0.51	-0.22949430119099273	0.5006413130508452	1.2499153445838125	0	3717
0.51	-0.21458680167584215	0.5003136909231717	1.2413307273625585	1	3607
0.515	-0.3151648138632036	0.5008014713269844	1.333066550625177	0	4420
0.515	-0.22020460679023635	0.5005929002042047	1.303078762157902	1	4279
0.52	-0.35401890550943	0.5013513439005923	1.333066550625177	0	4038
0.52	-0.31569799357819667	0.5010137710608111	1.2413307273625585	1	3966
0.525	-0.35401890550943	0.5014103650668267	1.333066550625177	0	4093
0.525	-0.31569799357819667	0.5007904284615852	1.2786115465643788	1	4021
0.53	-0.35401890550943	0.5016916225987345	1.245864520981223	0	3957
0.53	-0.31569799357819667	0.5007466940274196	1.3019157328490154	1	3908
0.535	-0.35401890550943	0.5014733627192617	1.2525102616165738	0	3878
0.535	-0.2825590033947699	0.5009610028496017	1.3019157328490154	1	3841
0.54	-0.35401890550943	0.5011649900739883	1.2525102616165738	0	3963
0.54	-0.2825590033947699	0.5008622183298069	1.3019157328490154	1	3933
0.545	-0.35401890550943	0.5016732205943067	1.309330724440056	0	4076
0.545	-0.2825590033947699	0.5006334955232805	1.3019157328490154	1	4045
0.55	-0.35401890550943	0.5029026919940487	1.292947876774068	0	4001
0.55	-0.2825590033947699	0.5005434368414566	1.3019157328490154	1	4063
0.555	-0.35401890550943	0.5022174146492144	1.238456588044796	0	3915
0.555	-0.2825590033947699	0.5002140612467242	1.3019157328490154	1	4028
0.56	-0.35401890550943	0.5037089405031899	1.277886833287119	0	3833
0.56	-0.2653585965096349	0.5006652849420304	1.287405184021973	1	4011
0.565	-0.35401890550943	0.5044969800231511	1.277886833287119	0	3832
0.565	-0.2653585965096349	0.5009954607161642	1.3703112077590225	1	4101
0.5700000000000001	-0.35401890550943	0.5051747246945232	1.277886833287119	0	3796
0.5700000000000001	-0.2653585965096349	0.5012043567473289	1.287405184021973	1	4154
0.575	-0.3869886537569446	0.5052493187233814	1.277886833287119	0	3792
0.575	-0.2653585965096349	0.5014182203157828	1.287405184021973	1	4191
0.58	-0.3869886537569446	0.5067555298784787	1.3173949979122122	0	3743
0.58	-0.2653585965096349	0.5021048813188929	1.287405184021973	1	4190
0.585	-0.3701027277873322	0.507394161989754	1.277886833287119	0	3657
0.585	-0.3054762053206782	0.5030835853188932	1.3341140898894996	1	4189
0.59	-0.3701027277873322	0.5094704266445655	1.3524422387298054	0	3657
0.59	-0.3054762053206782	0.5032784734841641	1.3469014574880493	1	4238
0.595	-0.3701027277873322	0.5099174265406562	1.3524422387298054	0	3673
0.595	-0.3054762053206782	0.5033992099016545	1.382652992367	1	4257
0.6	-0.3701027277873322	0.5113946896456922	1.2998164099967076	0	3669
0.6	-0.3869231620816167	0.503517316242846	1.382652992367	1	4264
0.605	-0.4770257049168194	0.5124796847108929	1.2998164099967076	0	3625
0.605	-0.3869231620816167	0.5042302735400147	1.382652992367	1	4314
0.61	-0.4770257049168194	0.5147394190656536	1.32351215292346	0	3582
0.61	-0.3869231620816167	0.5040555824891917	1.382652992367	1	4322
0.615	-0.4770257049168194	0.5159795640190211	1.32351215292346	0	3541
0.615	-0.3869231620816167	0.5044922520173577	1.3469014574880493	1	4328
0.62	-0.4770257049168194	0.5179569763730313	1.32351215292346	0	3495
0.62	-0.3869231620816167	0.504860788158355	1.3469014574880493	1	4348
0.625	-0.4770257049168194	0.5206838862028654	1.32351215292346	0	3423
0.625	-0.3869231620816167	0.5054182997752001	1.3435819871461452	1	4444
0.63	-0.4770257049168194	0.5231929697120485	1.32351215292346	0	3438
0.63	-0.3869231620816167	0.5055367728989815	1.3379181558525197	1	4466
0.635	-0.4770257049168194	0.5272114078841134	1.3494444811005428	0	3385
0.635	-0.3350373995338953	0.5062585094118991	1.4386974044470433	1	4508
0.64	-0.31263486051176836	0.5309819807285256	1.3494444811005428	0	3367
0.64	-0.3350373995338953	0.5063137088180039	1.2923273641514539	1	4531
0.645	-0.3234252418184355	0.5343053475062736	1.3674791857324502	0	3376
0.645	-0.3054762053206782	0.5074574857026131	1.2923273641514539	1	4564
0.65	-0.31263486051176836	0.53688888557707	1.3674791857324502	0	3321
0.65	-0.3435515831070771	0.5083824571120209	1.3195715666278196	1	4590
0.655	-0.31263486051176836	0.5415061456451357	1.3494444811005428	0	3291
0.655	-0.3435515831070771	0.5087228717318056	1.3457147040237802	1	4600
0.66	-0.31263486051176836	0.544964844822677	1.3494444811005428	0	3284
0.66	-0.3435515831070771	0.5087549317737501	1.2923273641514539	1	4590
0.665	-0.3549791078044111	0.5488573766472553	1.3494444811005428	0	3257
0.665	-0.3435515831070771	0.509627799047165	1.2923273641514539	1	4547
0.67	-0.3549791078044111	0.5517011688372551	1.3494444811005428	0	3258
0.67	-0.3435515831070771	0.5094061421524738	1.2923273641514539	1	4586
0.675	-0.3549791078044111	0.5546730734218013	1.335950455196735	0	3278
0.675	-0.34093767273003084	0.5091419875394875	1.2923273641514539	1	4565
0.6799999999999999	-0.41526587414910815	0.5565745181460099	1.3482480848223606	0	3283
0.6799999999999999	-0.34093767273003084	0.5093443367782584	1.287405184021973	1	4560
0.685	-0.41526587414910815	0.5592421219030457	1.3482480848223606	0	3264
0.685	-0.32628624719474286	0.5093284069083828	1.3098787098472673	1	4551
0.69	-0.41526587414910815	0.5623756769375386	1.3482480848223606	0	3215
0.69	-0.32628624719474286	0.5093546573047989	1.3098787098472673	1	4533
0.6950000000000001	-0.41526587414910815	0.5649542495744638	1.3482480848223606	0	3188
0.6950000000000001	-0.32628624719474286	0.5101184538846544	1.3098787098472673	1	4537
0.7	-0.41526587414910815	0.5658005732360776	1.3482480848223606	0	3230
0.7	-0.34078841580129254	0.5101336051311586	1.3962868276674665	1	4517
0.7050000000000001	-0.3335860814535796	0.5681458072450796	1.3482480848223606	0	3257
0.7050000000000001	-0.34078841580129254	0.510338861218906	1.3962868276674665	1	4479
0.71	-0.3319307639111988	0.5727498211240153	1.3482480848223606	0	3272
0.71	-0.34078841580129254	0.5107407092239291	1.3962868276674665	1	4499
0.715	-0.32390391244252337	0.5757081234166344	1.3482480848223606	0	3308
0.715	-0.37990035138853717	0.5112502780537066	1.3962868276674665	1	4467
0.72	-0.32390391244252337	0.5791642426130349	1.4219803469349992	0	3313
0.72	-0.43603905179055147	0.5112539008794806	1.5231320582627796	1	4426
0.725	-0.32627097613205414	0.5842926898250806	1.4219803469349992	0	3341
0.725	-0.37990035138853717	0.5115998290561337	1.3956150507340122	1	4380
0.73	-0.32627097613205414	0.587672210680999	1.4219803469349992	0	3387
0.73	-0.37990035138853717	0.5123922472648427	1.3956150507340122	1	4318
0.735	-0.32390391244252337	0.5911386868885478	1.4189754411465572	0	3394
0.735	-0.49803530817820396	0.5123234302143801	1.3836952018525521	1	4261
0.74	-0.31263486051176836	0.5967686848104792	1.4131733025418576	0	3439
0.74	-0.49803530817820396	0.513046313206031	1.3836952018525521	1	4258
0.745	-0.2517342082698363	0.6015964552977735	1.4131733025418576	0	3478
0.745	-0.49803530817820396	0.5131261342358869	1.3836952018525521	1	4242
0.75	-0.2517342082698363	0.6061718113993008	1.4131733025418576	0	3495
0.75	-0.49803530817820396	0.5128099602912359	1.4971946210733194	1	4219
0.755	-0.3416621606339555	0.609028982880141	1.4131733025418576	0	3539
0.755	-0.49803530817820396	0.5130580883768994	1.4971946210733194	1	4196
0.76	-0.3416621606339555	0.6139293700882861	1.4131733025418576	0	3579
0.76	-0.49803530817820396	0.5140122856775432	1.4971946210733194	1	4127
0.765	-0.3416621606339555	0.6176463877862028	1.3343085408061248	0	3577
0.765	-0.4083576135379805	0.5138385110884264	1.4971946210733194	1	4092
0.77	-0.3416621606339555	0.6220794690421557	1.3343085408061248	0	3593
0.77	-0.4083576135379805	0.5143246870695655	1.4971946210733194	1	4066
0.775	-0.3416621606339555	0.627015490113675	1.4118489514906543	0	3650
0.775	-0.32628624719474286	0.5146600619725367	1.4971946210733194	1	4054
0.78	-0.3416621606339555	0.6323332402133177	1.442688586551766	0	3677
0.78	-0.34585329170420887	0.5155886061219911	1.4971946210733194	1	3982
0.785	-0.4533863051396002	0.6378841640105193	1.442688586551766	0	3644
0.785	-0.34585329170420887	0.5158949609507584	1.4971946210733194	1	3943
0.79	-0.3416621606339555	0.6433112995145535	1.442688586551766	0	3718
0.79	-0.34585329170420887	0.5159781727597431	1.4971946210733194	1	3860
0.7949999999999999	-0.3416621606339555	0.648688969962887	1.442688586551766	0	3795
0.7949999999999999	-0.4079833946026965	0.5158621196512162	1.4971946210733194	1	3753
0.8	-0.3416621606339555	0.6539060554587391	1.442688586551766	0	3880
0.8	-0.34585329170420887	0.5173311204718283	1.4971946210733194	1	3674
0.8049999999999999	-0.3416621606339555	0.6580747332825237	1.442688586551766	0	3967
0.8049999999999999	-0.34585329170420887	0.5176248400205146	1.4971946210733194	1	3608
0.81	-0.3416621606339555	0.6616990689070242	1.442688586551766	0	4114
0.81	-0.3330400745548028	0.5189830789827589	1.4971946210733194	1	3533
0.815	-0.3416621606339555	0.666119978843079	1.502712450413855	0	4193
0.815	-0.3330400745548028	0.5199315548380278	1.4971946210733194	1	3445
0.8200000000000001	-0.3486374515705506	0.6709847575616583	1.442688586551766	0	4302
0.8200000000000001	-0.3330400745548028	0.5200023018231424	1.4971946210733194	1	3309
0.825	-0.3486374515705506	0.6784741630811206	1.442688586551766	0	4367
0.825	-0.4021521971475045	0.5202865915310004	1.4971946210733194	1	3203
0.8300000000000001	-0.3486374515705506	0.6826285113890288	1.442688586551766	0	4491
0.8300000000000001	-0.45033575781212454	0.5209149333595104	1.4628129439200335	1	3056
0.835	-0.49210656735628205	0.6879245604913282	1.44579087901733	0	4574
0.835	-0.461304629405381	0.5210774435387028	1.4628129439200335	1	3013
0.8400000000000001	-0.49210656735628205	0.6924815484925974	1.44579087901733	0	4727
0.8400000000000001	-0.461304629405381	0.5214326807300061	1.4628129439200335	1	2863
0.845	-0.49210656735628205	0.696679951172629	1.5454067303097698	0	4812
0.845	-0.461304629405381	0.5227714167763232	1.4628129439200335	1	2743
0.8500000000000001	-0.49210656735628205	0.6991936636823836	1.6443185620598058	0	4951
0.8500000000000001	-0.461304629405381	0.5233116832387645	1.4628129439200335	1	2602
0.855	-0.49210656735628205	0.7029858678368608	1.6443185620598058	0	5084
0.855	-0.461304629405381	0.5244502065416895	1.4628129439200335	1	2485
0.86	-0.49210656735628205	0.7080625915960267	1.6443185620598058	0	5242
0.86	-0.45033575781212454	0.5255026085053439	1.4628129439200335	1	2336
0.865	-0.49210656735628205	0.7127668628705474	1.6443185620598058	0	5358
0.865	-0.45033575781212454	0.5275925153600117	1.4628129439200335	1	2239
0.87	-0.49210656735628205	0.7175794714727263	1.6443185620598058	0	5457
0.87	-0.45033575781212454	0.5281073329561865	1.5298232705195456	1	2053
0.875	-0.49210656735628205	0.7199271480831316	1.6443185620598058	0	5653
0.875	-0.45033575781212454	0.5295016997861342	1.5298232705195456	1	1956
0.88	-0.48175751052577265	0.7245193758663708	1.6443185620598058	0	5818
0.88	-0.4021521971475045	0.5299959694627165	1.5298232705195456	1	1775
0.885	-0.48175751052577265	0.7280786125641792	1.6443185620598058	0	5978
0.885	-0.4021521971475045	0.5304008432629215	1.5298232705195456	1	1647
0.89	-0.48175751052577265	0.7336249849365385	1.6443185620598058	0	6126
0.89	-0.4021521971475045	0.530585799272199	1.5298232705195456	1	1474
0.895	-0.3326462405609373	0.7370928613301366	1.6443185620598058	0	6297
0.895	-0.4021521971475045	0.5312268550274755	1.4628129439200335	1	1361
0.9	-0.2781027041043048	0.7412537235520437	1.6443185620598058	0	6382
0.9	-0.4021521971475045	0.5321550290568821	1.4072511710892892	1	1241
0.905	-0.28868410813397055	0.7448352678944359	1.4944521139375693	0	6467
0.905	-0.4021521971475045	0.533475017721914	1.4072511710892892	1	1091
0.91	-0.28868410813397055	0.7486307161414569	1.4944521139375693	0	6563
0.91	-0.4021521971475045	0.5332015434485493	1.4072511710892892	1	1009
0.915	-0.28868410813397055	0.752970639374491	1.4944521139375693	0	6636
0.915	-0.4021521971475045	0.5365192360362374	1.452298580539511	1	926
0.9199999999999999	-0.28868410813397055	0.7561381850358134	1.4944521139375693	0	6784
0.9199999999999999	-0.4021521971475045	0.5383378257449849	1.452298580539511	1	817
0.925	-0.28868410813397055	0.7601154627862061	1.4944521139375693	0	6875
0.925	-0.4021521971475045	0.5399760227134198	1.452298580539511	1	721
0.9299999999999999	-0.28868410813397055	0.7644096244406272	1.4944521139375693	0	6983
0.9299999999999999	-0.4021521971475045	0.5415706449069311	1.338807269343803	1	669
0.935	-0.3706401589837044	0.7682287788503853	1.4944521139375693	0	7106
0.935	-0.4021521971475045	0.5420501853842511	1.3171357467410365	1	606
0.94	-0.2747549141251669	0.771827152998006	1.4944521139375693	0	7064
0.94	-0.4021521971475045	0.5419199086083689	1.3171357467410365	1	534
0.9450000000000001	-0.3438667768547455	0.7766385884558255	1.4944521139375693	0	7132
0.9450000000000001	-0.4021521971475045	0.5425542350208112	1.3171357467410365	1	493
0.95	-0.3438667768547455	0.7799267331467897	1.4944521139375693	0	7284
0.95	-0.4021521971475045	0.5394406453963542	1.411133792563016	1	448
0.9550000000000001	-0.279986188057702	0.7825876796281	1.4944521139375693	0	7327
0.9550000000000001	-0.4021521971475045	0.5407286579677395	1.411133792563016	1	392
0.96	-0.239314553727062	0.7859383327635058	1.4996813410083587	0	7330
0.96	-0.4021521971475045	0.5438676693352231	1.411133792563016	1	344
0.9650000000000001	-0.35167593329954405	0.7895383852822678	1.4996813410083587	0	7441
0.9650000000000001	-0.4021521971475045	0.5465954581305569	1.411133792563016	1	309
0.97	-0.35167593329954405	0.7932704308510594	1.4996813410083587	0	7414
0.97	-0.4021521971475045	0.5434041754771903	1.411133792563016	1	265
0.9750000000000001	-0.35167593329954405	0.7985904763127647	1.4933184840066207	0	7414
0.9750000000000001	-0.4021521971475045	0.5487487838019104	1.411133792563016	1	209
0.98	-0.35167593329954405	0.8027159320539072	1.4933184840066207	0	7487
0.98	-0.4021521971475045	0.5549183817485129	1.411133792563016	1	186
0.985	-0.35167593329954405	0.8074299740766017	1.6017124024551892	0	7505
0.985	-0.4021521971475045	0.5548721455402724	1.3114383961698732	1	160
0.99	-0.35167593329954405	0.8117656575756742	1.6017124024551892	0	7576
0.99	-0.4021521971475045	0.5554088502028652	1.3114383961698732	1	136
0.995	-0.35167593329954405	0.816170346547558	1.6017124024551892	0	7566
0.995	-0.4021521971475045	0.5659363607742723	1.3114383961698732	1	108
1.0	-0.3240973045743851	0.8198381045376327	1.6017124024551892	0	7574
1.0	-0.4021521971475045	0.5699892254903627	1.3114383961698732	1	95
1.005	-0.3240973045743851	0.8232724414460099	1.4956315845705976	0	7611
1.005	-0.4021521971475045	0.5724462089325486	1.3114383961698732	1	85
1.01	-0.3240973045743851	0.8272688503764721	1.498179114342478	0	7678
1.01	-0.4021521971475045	0.5767973317896485	1.2657485603304788	1	71
1.0150000000000001	-0.3240973045743851	0.8305073316342401	1.498179114342478	0	7661
1.0150000000000001	-0.4021521971475045	0.5861225476772719	1.2657485603304788	1	62
1.02	-0.3768751205916081	0.834048269738039	1.498179114342478	0	7704
1.02	-0.20904105969440095	0.5896911193402452	1.2657485603304788	1	51
1.025	-0.3768751205916081	0.8381044558726195	1.498179114342478	0	7681
1.025	-0.20557180910150252	0.5880313521296855	1.2657485603304788	1	40
1.03	-0.3768751205916081	0.8423886229812794	1.498179114342478	0	7695
1.03	-0.20557180910150252	0.5905858953572852	1.3370198706707859	1	28
1.0350000000000001	-0.3485760713689106	0.8446860286907059	1.5546607316420795	0	7655
1.0350000000000001	-0.20557180910150252	0.5865906109016185	1.2657485603304788	1	24
1.04	-0.3485760713689106	0.84872032488484	1.5546607316420795	0	7723
1.04	-0.20557180910150252	0.5830541487375503	1.2657485603304788	1	18
1.045	-0.3485760713689106	0.8525283077406237	1.5546607316420795	0	7732
1.045	-0.05851800709955511	0.5809395053161416	1.2657485603304788	1	14
1.05	-0.3485760713689106	0.8552820000623859	1.5546607316420795	0	7703
1.05	-0.05851800709955511	0.585248043732945	1.2657485603304788	1	8
1.0550000000000002	-0.3890212126166933	0.8591294022124172	1.5546607316420795	0	7676
1.0550000000000002	-0.05851800709955511	0.5918122269704097	1.2657485603304788	1	6
1.06	-0.3240973045743851	0.8634359555475135	1.5546607316420795	0	7683
1.06	0.013457235719344247	0.6000359980508586	1.2657485603304788	1	3
1.065	-0.3240973045743851	0.8680132284707982	1.5629654468243548	0	7635
