#env	min	mean	max	gen_type	agent num
0.5	-0.19285596780478453	0.4996240404908223	1.2511873969500793	0	1685
0.5	-0.18623365663847888	0.5003804849449799	1.2441015308330479	1	1750
0.505	-0.21209861915078193	0.49941665327475576	1.2924838039059496	0	2627
0.505	-0.2529948927512411	0.4996751193985867	1.2441015308330479	1	2699
0.51	-0.27255525593987745	0.4996202279745418	1.2924838039059496	0	3521
0.51	-0.2529948927512411	0.49956937003155866	1.2441015308330479	1	3639
0.515	-0.27255525593987745	0.5007706200821493	1.2924838039059496	0	4200
0.515	-0.2529948927512411	0.49976344631977077	1.2441015308330479	1	4384
0.52	-0.27255525593987745	0.5012018008933842	1.2924838039059496	0	3967
0.52	-0.26014273575396213	0.5000187861524821	1.2686637317326124	1	4118
0.525	-0.27255525593987745	0.5021587776984467	1.2924838039059496	0	3984
0.525	-0.26014273575396213	0.5001256922360389	1.3614327493589067	1	4159
0.53	-0.27255525593987745	0.5028141710862324	1.2924838039059496	0	3868
0.53	-0.25394011590189725	0.5009627288089338	1.3614327493589067	1	4037
0.535	-0.27255525593987745	0.5036963507479244	1.2924838039059496	0	3812
0.535	-0.25394011590189725	0.5019271218201194	1.3614327493589067	1	3946
0.54	-0.2693738117902	0.5046704289997052	1.2924838039059496	0	3942
0.54	-0.2604303072212381	0.5022018318596613	1.3614327493589067	1	4024
0.545	-0.2693738117902	0.5057124457684409	1.2924838039059496	0	3932
0.545	-0.28031267273637617	0.5028722295128749	1.3614327493589067	1	4095
0.55	-0.2693738117902	0.5068883818744297	1.2924838039059496	0	3978
0.55	-0.28031267273637617	0.5032456170664328	1.3614327493589067	1	4076
0.555	-0.31576372766610705	0.5082614455556186	1.3170999957922573	0	3943
0.555	-0.28031267273637617	0.5032381884314769	1.2738885615599094	1	4061
0.56	-0.31576372766610705	0.5080743930519688	1.3170999957922573	0	3884
0.56	-0.2671857894022569	0.5036388048919128	1.3391100059124752	1	4052
0.565	-0.31576372766610705	0.5085629494984047	1.3478765267901616	0	3857
0.565	-0.31822728449177706	0.5036391610322117	1.3391100059124752	1	4055
0.5700000000000001	-0.3164512335504007	0.5091146010257531	1.3478765267901616	0	3887
0.5700000000000001	-0.2671857894022569	0.5035373327328432	1.3391100059124752	1	4080
0.575	-0.39100215722717857	0.508588602325029	1.3478765267901616	0	3882
0.575	-0.30963140801861216	0.5039185701210506	1.3506842779767874	1	4144
0.58	-0.39100215722717857	0.5091562132780649	1.3621337278069248	0	3835
0.58	-0.3106593163153517	0.5043356487096058	1.3506842779767874	1	4134
0.585	-0.2576140014301155	0.5099598503285632	1.3621337278069248	0	3808
0.585	-0.3106593163153517	0.504120167119534	1.3506842779767874	1	4117
0.59	-0.28425539068960515	0.5115707929144747	1.4211731149841387	0	3749
0.59	-0.3106593163153517	0.5044340055356161	1.3506842779767874	1	4146
0.595	-0.28425539068960515	0.5140842591908544	1.4211731149841387	0	3750
0.595	-0.3106593163153517	0.5048087836295968	1.3506842779767874	1	4147
0.6	-0.25617293152477716	0.5162102378744401	1.3695038371556048	0	3751
0.6	-0.3303793083369019	0.5050947399872265	1.4315056337307246	1	4169
0.605	-0.2893395803030522	0.517223531939358	1.4295631906830195	0	3762
0.605	-0.3736481064691247	0.5046728225155129	1.4315056337307246	1	4204
0.61	-0.2893395803030522	0.5192773754472667	1.4295631906830195	0	3759
0.61	-0.3303793083369019	0.5042757610026979	1.4315056337307246	1	4208
0.615	-0.2893395803030522	0.5208842798891163	1.4295631906830195	0	3772
0.615	-0.3303793083369019	0.5049929988138113	1.4315056337307246	1	4195
0.62	-0.2893395803030522	0.522213360171473	1.4295631906830195	0	3737
0.62	-0.3303793083369019	0.5053996523242938	1.4315056337307246	1	4159
0.625	-0.2893395803030522	0.5252549757544075	1.4295631906830195	0	3767
0.625	-0.3685909376599791	0.5051988062621906	1.4315056337307246	1	4132
0.63	-0.28176966742646664	0.5291928080123007	1.310110490304714	0	3772
0.63	-0.3685909376599791	0.5055481201177063	1.4315056337307246	1	4121
0.635	-0.39564529467297926	0.5319179037056017	1.310110490304714	0	3756
0.635	-0.3685909376599791	0.5061769890412033	1.4315056337307246	1	4115
0.64	-0.39564529467297926	0.5353871715358678	1.310110490304714	0	3723
0.64	-0.3303793083369019	0.5058977328064157	1.4315056337307246	1	4091
0.645	-0.39564529467297926	0.5400542135694681	1.310110490304714	0	3702
0.645	-0.3303793083369019	0.5057306998713806	1.4315056337307246	1	4143
0.65	-0.39564529467297926	0.5446207218497878	1.3070076465795704	0	3628
0.65	-0.39581277266465925	0.5060417111174556	1.4034456521716479	1	4127
0.655	-0.39564529467297926	0.5484617558777874	1.3163550040757448	0	3626
0.655	-0.39581277266465925	0.5058752167268129	1.4034456521716479	1	4196
0.66	-0.39564529467297926	0.5522665769465321	1.3163550040757448	0	3634
0.66	-0.36567751440881946	0.5064429766905175	1.4034456521716479	1	4204
0.665	-0.33345686662530116	0.554352158023518	1.406186273375941	0	3635
0.665	-0.36567751440881946	0.5069938784709173	1.4034456521716479	1	4280
0.67	-0.33345686662530116	0.5577381506784529	1.406186273375941	0	3630
0.67	-0.36567751440881946	0.5069625286875031	1.4034456521716479	1	4234
0.675	-0.594237692118383	0.561264774720164	1.406186273375941	0	3631
0.675	-0.36567751440881946	0.5073797728002886	1.4034456521716479	1	4281
0.6799999999999999	-0.39477159354567154	0.5649577377907531	1.406186273375941	0	3584
0.6799999999999999	-0.36567751440881946	0.5086678254890266	1.4034456521716479	1	4272
0.685	-0.4481521935529055	0.5685461399479089	1.406186273375941	0	3569
0.685	-0.36567751440881946	0.5089341717974537	1.400232811024631	1	4242
0.69	-0.33345686662530116	0.5708484553953094	1.406186273375941	0	3602
0.69	-0.36567751440881946	0.509552195616502	1.400232811024631	1	4234
0.6950000000000001	-0.36570112380855613	0.5740803186790882	1.3358206487023851	0	3561
0.6950000000000001	-0.33480295146312894	0.5108836861323748	1.400232811024631	1	4242
0.7	-0.36570112380855613	0.5792592353079488	1.3564219752638809	0	3559
0.7	-0.33480295146312894	0.5112234180209362	1.400232811024631	1	4208
0.7050000000000001	-0.36570112380855613	0.5842946722632171	1.3564219752638809	0	3608
0.7050000000000001	-0.3105858610794401	0.5112424530440713	1.400232811024631	1	4139
0.71	-0.36570112380855613	0.5890717976606444	1.3564219752638809	0	3606
0.71	-0.3105858610794401	0.5115341384443682	1.400232811024631	1	4190
0.715	-0.36570112380855613	0.5924358945896739	1.379848493178667	0	3626
0.715	-0.29179144593929573	0.512355400529494	1.400232811024631	1	4112
0.72	-0.36570112380855613	0.5975271000418527	1.379848493178667	0	3660
0.72	-0.3476137058346208	0.512755626945179	1.4779037437688123	1	4104
0.725	-0.36570112380855613	0.5987642988633757	1.4224057571309234	0	3699
0.725	-0.3476137058346208	0.5139197114323438	1.4779037437688123	1	4080
0.73	-0.36570112380855613	0.6033611535460879	1.4224057571309234	0	3714
0.73	-0.3476137058346208	0.5144762868538855	1.4779037437688123	1	4082
0.735	-0.4231748315341735	0.6063362654497189	1.4224057571309234	0	3722
0.735	-0.3476137058346208	0.5159136746144408	1.4263791506321946	1	4002
0.74	-0.36570112380855613	0.6121861789199503	1.4224057571309234	0	3769
0.74	-0.44450665669029416	0.5159153148341104	1.400232811024631	1	3953
0.745	-0.36570112380855613	0.6170728756066849	1.379848493178667	0	3840
0.745	-0.44450665669029416	0.5163706512561395	1.400232811024631	1	3879
0.75	-0.36570112380855613	0.621106451287643	1.379848493178667	0	3869
0.75	-0.44450665669029416	0.516721070136792	1.400232811024631	1	3860
0.755	-0.36570112380855613	0.6235501506970508	1.379848493178667	0	3924
0.755	-0.44450665669029416	0.5174626010191862	1.4277696335545897	1	3867
0.76	-0.36570112380855613	0.6308790567192786	1.379848493178667	0	3981
0.76	-0.44450665669029416	0.517351825043237	1.4255439846721905	1	3783
0.765	-0.37264990863779257	0.6350683371512877	1.379848493178667	0	4053
0.765	-0.44450665669029416	0.5183058224675298	1.4255439846721905	1	3701
0.77	-0.37264990863779257	0.6402371671529234	1.379848493178667	0	4073
0.77	-0.44450665669029416	0.5199513952872061	1.4255439846721905	1	3600
0.775	-0.37264990863779257	0.6453717334530977	1.379848493178667	0	4181
0.775	-0.44450665669029416	0.520999213794073	1.4255439846721905	1	3492
0.78	-0.37264990863779257	0.6499130485903306	1.379848493178667	0	4285
0.78	-0.44450665669029416	0.5220031393883297	1.4255439846721905	1	3424
0.785	-0.3816048655318931	0.6537433171156869	1.379848493178667	0	4349
0.785	-0.44450665669029416	0.5231951387255488	1.4255439846721905	1	3330
0.79	-0.3816048655318931	0.657120064003188	1.5404728020512397	0	4420
0.79	-0.44450665669029416	0.5238872762151439	1.4017770640785734	1	3271
0.7949999999999999	-0.3816048655318931	0.6611756751913743	1.5817540481351053	0	4459
0.7949999999999999	-0.44450665669029416	0.5244486320825212	1.4017770640785734	1	3176
0.8	-0.3816048655318931	0.6652221303454721	1.3958923018421645	0	4564
0.8	-0.44450665669029416	0.5255576753564946	1.4017770640785734	1	3066
0.8049999999999999	-0.3816048655318931	0.6692204765687174	1.435198572756452	0	4605
0.8049999999999999	-0.329150130755399	0.5275018755149468	1.448419399578399	1	2949
0.81	-0.3816048655318931	0.6723999555999588	1.4889311597723434	0	4740
0.81	-0.33912010911894463	0.5286448816940209	1.448419399578399	1	2856
0.815	-0.3816048655318931	0.6773943652103877	1.4889311597723434	0	4871
0.815	-0.39362581058640367	0.5306737358577086	1.6557285974453877	1	2765
0.8200000000000001	-0.3259356032781753	0.6814034826919935	1.4938941384185147	0	5003
0.8200000000000001	-0.39362581058640367	0.5322075614693569	1.6557285974453877	1	2670
0.825	-0.32587645375783825	0.6842612208083466	1.4551946013616386	0	5085
0.825	-0.39362581058640367	0.5328227640638223	1.6557285974453877	1	2591
0.8300000000000001	-0.32587645375783825	0.6892244967918476	1.4551946013616386	0	5174
0.8300000000000001	-0.39362581058640367	0.5334992135820256	1.6557285974453877	1	2447
0.835	-0.32367048410084276	0.692606283662266	1.5177288126246518	0	5302
0.835	-0.39362581058640367	0.5348694410221635	1.6557285974453877	1	2304
0.8400000000000001	-0.28816490041675014	0.6979715779786997	1.5177288126246518	0	5382
0.8400000000000001	-0.39362581058640367	0.5361299441513128	1.6557285974453877	1	2215
0.845	-0.2855004939995524	0.7008641779210488	1.5177288126246518	0	5495
0.845	-0.39362581058640367	0.5353847190490686	1.6557285974453877	1	2142
0.8500000000000001	-0.32676100253793183	0.7051359516878548	1.5177288126246518	0	5626
0.8500000000000001	-0.5004737180253827	0.5352155196063837	1.6557285974453877	1	2034
0.855	-0.4329427353017096	0.7086157557501321	1.5177288126246518	0	5719
0.855	-0.39362581058640367	0.5344570673907784	1.6557285974453877	1	1927
0.86	-0.33122178238942823	0.7133482224673727	1.5177288126246518	0	5810
0.86	-0.39362581058640367	0.5358723033861204	1.6557285974453877	1	1803
0.865	-0.33122178238942823	0.7164178463222369	1.5177288126246518	0	5917
0.865	-0.39362581058640367	0.5357079603625816	1.6557285974453877	1	1705
0.87	-0.49744193361056976	0.7210655810085347	1.5177288126246518	0	6013
0.87	-0.39362581058640367	0.5368364320549608	1.6557285974453877	1	1573
0.875	-0.352123921887905	0.7260709026492148	1.5177288126246518	0	6207
0.875	-0.3151190106426812	0.5385696695733244	1.6557285974453877	1	1464
0.88	-0.352123921887905	0.7303312482843503	1.5177288126246518	0	6326
0.88	-0.3236013078454702	0.5394350357437158	1.6557285974453877	1	1354
0.885	-0.352123921887905	0.7346097058613292	1.5177288126246518	0	6424
0.885	-0.3151190106426812	0.5407244477923598	1.400232811024631	1	1246
0.89	-0.6008185174737887	0.739234323128681	1.7260704869097054	0	6505
0.89	-0.3151190106426812	0.5423165740302217	1.3868444605001737	1	1127
0.895	-0.6008185174737887	0.7443457420510862	1.5177288126246518	0	6644
0.895	-0.3151190106426812	0.5437214205123042	1.3868444605001737	1	1060
0.9	-0.6008185174737887	0.7480087125811907	1.5190740901078574	0	6711
0.9	-0.3151190106426812	0.5454741266540551	1.3868444605001737	1	960
0.905	-0.6008185174737887	0.7523470689708999	1.5190740901078574	0	6811
0.905	-0.3426772823693679	0.5451166059208999	1.3868444605001737	1	876
0.91	-0.6008185174737887	0.7566778239743791	1.5177288126246518	0	6913
0.91	-0.3426772823693679	0.5450326704251431	1.3868444605001737	1	817
0.915	-0.6008185174737887	0.7614400078487218	1.5664942817387375	0	7022
0.915	-0.3651751660149348	0.5443865519649537	1.3578145809718771	1	756
0.9199999999999999	-0.6008185174737887	0.7654418951086575	1.5664942817387375	0	7047
0.9199999999999999	-0.3651751660149348	0.5452467246552105	1.3578145809718771	1	666
0.925	-0.6008185174737887	0.7689205207275556	1.5664942817387375	0	7122
0.925	-0.4388638166118437	0.5458703582404171	1.3578145809718771	1	574
0.9299999999999999	-0.6008185174737887	0.7722463552345712	1.5664942817387375	0	7183
0.9299999999999999	-0.29179144593929573	0.5467335567227727	1.3578145809718771	1	503
0.935	-0.3482243335367591	0.7759196617991772	1.5664942817387375	0	7268
0.935	-0.29179144593929573	0.5475726713350924	1.3151084666758566	1	433
0.94	-0.3482243335367591	0.7794828331840828	1.5664942817387375	0	7307
0.94	-0.29179144593929573	0.5487480391955407	1.2762839844695963	1	374
0.9450000000000001	-0.3482243335367591	0.7834931253540096	1.5664942817387375	0	7382
0.9450000000000001	-0.3858729350665307	0.5502381005444037	1.2870922399230296	1	322
0.95	-0.3482243335367591	0.787675022966515	1.5664942817387375	0	7389
0.95	-0.3858729350665307	0.552756886516786	1.2870922399230296	1	274
0.9550000000000001	-0.3482243335367591	0.7913457991191151	1.5664942817387375	0	7486
0.9550000000000001	-0.3858729350665307	0.5521342577296844	1.2870922399230296	1	243
0.96	-0.3482243335367591	0.7946343564465925	1.622325379386529	0	7511
0.96	-0.3858729350665307	0.5539142477708008	1.2870922399230296	1	211
0.9650000000000001	-0.3482243335367591	0.7989110282504396	1.6332226669849685	0	7516
0.9650000000000001	-0.3858729350665307	0.5581282335096366	1.2870922399230296	1	166
0.97	-0.23926896688908672	0.8013220522426566	1.6332226669849685	0	7569
0.97	-0.21331021544041406	0.5616245044887137	1.2870922399230296	1	140
0.9750000000000001	-0.2228672280710904	0.804582274939654	1.6332226669849685	0	7661
0.9750000000000001	-0.21331021544041406	0.5643486653991554	1.2870922399230296	1	126
0.98	-0.3177970708921937	0.8083250082405312	1.622325379386529	0	7649
0.98	-0.21331021544041406	0.5703384938994417	1.2309394060735503	1	110
0.985	-0.3177970708921937	0.8127505176932465	1.622325379386529	0	7638
0.985	-0.21331021544041406	0.575983876786149	1.2322553509611391	1	103
0.99	-0.3234042476578126	0.8161653687557648	1.622325379386529	0	7651
0.99	-0.14076883883594724	0.5770869730890605	1.2309394060735503	1	93
0.995	-0.3234042476578126	0.8197678443508113	1.622325379386529	0	7656
0.995	-0.14076883883594724	0.5781098468505248	1.2315960678291675	1	71
1.0	-0.3093217167760124	0.8226936637384239	1.622325379386529	0	7609
1.0	-0.1170823588230118	0.5833512520787306	1.2315960678291675	1	63
1.005	-0.24066811320340903	0.8261108462119796	1.622325379386529	0	7615
1.005	-0.1170823588230118	0.5890315858438502	1.2315960678291675	1	55
1.01	-0.3122917515075765	0.8292667118862825	1.622325379386529	0	7606
1.01	-0.1170823588230118	0.5968616619562364	1.1899306226246138	1	42
1.0150000000000001	-0.3122917515075765	0.8324836126551433	1.5302217087209176	0	7661
1.0150000000000001	-0.1170823588230118	0.5922330154689165	1.1899306226246138	1	35
1.02	-0.3122917515075765	0.8360087220168659	1.5302217087209176	0	7649
1.02	-0.11506646962456032	0.5970935182335557	1.1899306226246138	1	28
1.025	-0.24066811320340903	0.8398042417634873	1.5673549980162156	0	7698
1.025	-0.11506646962456032	0.6073079225453348	1.1899306226246138	1	24
1.03	-0.25753824105669976	0.8434546834042859	1.5673549980162156	0	7711
1.03	-0.11506646962456032	0.6106512861494078	1.1899306226246138	1	20
1.0350000000000001	-0.25753824105669976	0.8478598618502021	1.5459610564463082	0	7697
1.0350000000000001	-0.11506646962456032	0.6132336769280167	1.1899306226246138	1	18
1.04	-0.2694969836773121	0.8517673467264243	1.5439018900082302	0	7712
1.04	-0.11506646962456032	0.6193165213710996	1.1899306226246138	1	16
1.045	-0.25753824105669976	0.8550290643293094	1.5439018900082302	0	7671
1.045	-0.11506646962456032	0.6215134504529883	1.1899306226246138	1	17
1.05	-0.25753824105669976	0.8592621826338052	1.6589138244368236	0	7640
1.05	-0.0214032280079596	0.605860935764979	1.1899306226246138	1	12
1.0550000000000002	-0.2813058908015418	0.8637201646937563	1.6589138244368236	0	7588
1.0550000000000002	-0.0007670153684338002	0.6012752643785166	1.1899306226246138	1	12
1.06	-0.16431084683377273	0.8675456436741659	1.6589138244368236	0	7656
