#env	min	mean	max	gen_type	agent num
0.5	-0.24231062409040918	0.49986609888586336	1.2072678905491558	0	1777
0.5	-0.1945337290130301	0.49930978821780425	1.2448642843442683	1	1654
0.505	-0.2492785057489047	0.5002750721409098	1.3109149492528063	0	2753
0.505	-0.3472250597683833	0.4996891702874662	1.2448642843442683	1	2582
0.51	-0.2492785057489047	0.5000112283518553	1.3109149492528063	0	3768
0.51	-0.3472250597683833	0.49990083917241696	1.2670834529782915	1	3503
0.515	-0.2492785057489047	0.5003319497936479	1.3109149492528063	0	4488
0.515	-0.3472250597683833	0.49957750218244174	1.2670834529782915	1	4181
0.52	-0.26559780718629444	0.4992838491981339	1.3109149492528063	0	4188
0.52	-0.3472250597683833	0.49923115849164545	1.2670834529782915	1	3932
0.525	-0.2684918315717767	0.49917049526074664	1.3109149492528063	0	4215
0.525	-0.3472250597683833	0.4994402329311162	1.2670834529782915	1	3943
0.53	-0.26559780718629444	0.4983863897357718	1.3021553873582141	0	4059
0.53	-0.3472250597683833	0.499361272384457	1.2670834529782915	1	3750
0.535	-0.31693491861359546	0.4974379714880987	1.3021553873582141	0	3991
0.535	-0.3472250597683833	0.4991211900865351	1.318381014756633	1	3693
0.54	-0.31693491861359546	0.4967514093532031	1.3418074801447974	0	4118
0.54	-0.3472250597683833	0.499254401988051	1.2448642843442683	1	3784
0.545	-0.31693491861359546	0.4969628043512072	1.2836380182377989	0	4225
0.545	-0.3472250597683833	0.49927577133362455	1.2448642843442683	1	3826
0.55	-0.31693491861359546	0.49677235005398074	1.2836380182377989	0	4242
0.55	-0.393683454193368	0.49933195864820296	1.238875505205951	1	3848
0.555	-0.31693491861359546	0.49712700371490015	1.2836380182377989	0	4216
0.555	-0.3472250597683833	0.4990688716398787	1.3056410173832824	1	3832
0.56	-0.31693491861359546	0.49805249143342206	1.2695624431791495	0	4084
0.56	-0.29241368270939916	0.4988979876585628	1.3056410173832824	1	3761
0.565	-0.3602073071977062	0.4975884129070734	1.2695624431791495	0	4084
0.565	-0.29241368270939916	0.4984427809716148	1.3056410173832824	1	3776
0.5700000000000001	-0.3602073071977062	0.4980691960740291	1.2943990358528399	0	4097
0.5700000000000001	-0.29241368270939916	0.4993835160561872	1.3056410173832824	1	3823
0.575	-0.3602073071977062	0.5000134813127118	1.2986604932194288	0	4123
0.575	-0.29592361373047643	0.49920787175488623	1.27341719715145	1	3813
0.58	-0.35244528416548637	0.5012394198890804	1.2986604932194288	0	4115
0.58	-0.2983027593245725	0.5002394472580209	1.27341719715145	1	3855
0.585	-0.2820041873481228	0.5028990339952922	1.2986604932194288	0	4091
0.585	-0.3268535641337743	0.5012177362121271	1.27341719715145	1	3841
0.59	-0.2820041873481228	0.506026873470119	1.2943990358528399	0	4060
0.59	-0.3268535641337743	0.5020508187045241	1.27341719715145	1	3825
0.595	-0.38145460265261194	0.5077022619013253	1.2943990358528399	0	4028
0.595	-0.3867027922557109	0.5023684335627394	1.2926120865640698	1	3808
0.6	-0.38145460265261194	0.5089017114527981	1.2943990358528399	0	4038
0.6	-0.3867027922557109	0.50256626123854	1.2926120865640698	1	3852
0.605	-0.38145460265261194	0.510342669182089	1.3206875947897223	0	4033
0.605	-0.3867027922557109	0.5029795249798662	1.3858760496728113	1	3886
0.61	-0.264687412278817	0.512229479544196	1.3206875947897223	0	4063
0.61	-0.3644513641459922	0.5032596394700931	1.3525576653393396	1	3897
0.615	-0.2926748048042471	0.5143571391648533	1.3274522980854884	0	4047
0.615	-0.3644513641459922	0.5031955371120237	1.3525576653393396	1	3923
0.62	-0.3550834967299946	0.5155704550473431	1.3274522980854884	0	4016
0.62	-0.3644513641459922	0.5029365046054165	1.2895819151486454	1	3894
0.625	-0.3550834967299946	0.5193746723640692	1.3274522980854884	0	3944
0.625	-0.2983027593245725	0.5042237791548498	1.2895819151486454	1	3884
0.63	-0.4002362095774747	0.5221837137884712	1.360325979775176	0	3950
0.63	-0.3529231709802044	0.5039011744512256	1.2895819151486454	1	3860
0.635	-0.4002362095774747	0.524053883352073	1.360325979775176	0	3932
0.635	-0.3529231709802044	0.5040601438355137	1.284665920016236	1	3875
0.64	-0.4002362095774747	0.5270796522667104	1.360325979775176	0	3906
0.64	-0.3529231709802044	0.5043958751358637	1.4088657443135002	1	3903
0.645	-0.3079628269108026	0.5317328784737498	1.3628074372004604	0	3909
0.645	-0.3529231709802044	0.504573191037811	1.4088657443135002	1	3904
0.65	-0.3079628269108026	0.5340543948940394	1.3628074372004604	0	3914
0.65	-0.3529231709802044	0.5046792882154193	1.4088657443135002	1	3955
0.655	-0.3079628269108026	0.5372017095494654	1.3628074372004604	0	3884
0.655	-0.3529231709802044	0.5055293301038699	1.3160225174836977	1	3983
0.66	-0.3079628269108026	0.5416588483440419	1.3258030929892428	0	3841
0.66	-0.3529231709802044	0.5055557391875709	1.3160225174836977	1	3974
0.665	-0.27410658298432833	0.5441315148643545	1.3258030929892428	0	3852
0.665	-0.3529231709802044	0.5058511984992016	1.311892247854093	1	3934
0.67	-0.2710425432398722	0.5479156957481774	1.334697353157525	0	3900
0.67	-0.2922508701644482	0.506773372954206	1.331929702772505	1	3926
0.675	-0.2710425432398722	0.5515903628303703	1.355979040276098	0	3906
0.675	-0.29366368198440873	0.5066922155126669	1.331929702772505	1	3927
0.6799999999999999	-0.31679471984786567	0.5550062178061554	1.387367789223421	0	3908
0.6799999999999999	-0.29366368198440873	0.5071034114808136	1.331929702772505	1	3881
0.685	-0.31679471984786567	0.5587188800225807	1.387367789223421	0	3975
0.685	-0.29366368198440873	0.5073808433618033	1.339046862018053	1	3811
0.69	-0.31679471984786567	0.562054558586462	1.387367789223421	0	3962
0.69	-0.29366368198440873	0.5083461791513716	1.3688301728065413	1	3827
0.6950000000000001	-0.31679471984786567	0.5637478562839634	1.387367789223421	0	3968
0.6950000000000001	-0.4196913416805673	0.5093388512075397	1.3688301728065413	1	3763
0.7	-0.3349322760501371	0.5678591276225519	1.387367789223421	0	4001
0.7	-0.4196913416805673	0.5101240961952143	1.3688301728065413	1	3764
0.7050000000000001	-0.3349322760501371	0.5715072224820237	1.387367789223421	0	4086
0.7050000000000001	-0.4991486746994305	0.5101850125050784	1.3631503181638478	1	3698
0.71	-0.3349322760501371	0.5743382108597133	1.387367789223421	0	4059
0.71	-0.4991486746994305	0.511202541414678	1.3631503181638478	1	3670
0.715	-0.3349322760501371	0.5779309079494093	1.387367789223421	0	4093
0.715	-0.4991486746994305	0.5113421680474306	1.4087228013085482	1	3609
0.72	-0.34198669829940315	0.5822245314105388	1.387367789223421	0	4139
0.72	-0.4991486746994305	0.5117785993198932	1.4731565323003184	1	3563
0.725	-0.34198669829940315	0.5843156027918923	1.387367789223421	0	4206
0.725	-0.4991486746994305	0.511596007136757	1.4731565323003184	1	3496
0.73	-0.4372250225141499	0.5872505875338265	1.4421354773322261	0	4213
0.73	-0.36622407538595503	0.51293803340917	1.488450694570189	1	3462
0.735	-0.3160235242969156	0.5910517925658215	1.355979040276098	0	4310
0.735	-0.3332963114880609	0.5138838246299072	1.339046862018053	1	3461
0.74	-0.29684483941288947	0.5947652412901652	1.3583888667201014	0	4375
0.74	-0.3205667877197357	0.5149618009757189	1.326931476006079	1	3393
0.745	-0.3461714063894453	0.5987288880865778	1.3583888667201014	0	4389
0.745	-0.3205667877197357	0.5163007057681046	1.326931476006079	1	3300
0.75	-0.3461714063894453	0.6057904759461986	1.3583888667201014	0	4382
0.75	-0.34402882327770584	0.5174315234005938	1.3825053466384973	1	3229
0.755	-0.29684483941288947	0.6102993812161508	1.355979040276098	0	4430
0.755	-0.34402882327770584	0.5179853185490789	1.3825053466384973	1	3213
0.76	-0.30251245371456076	0.6147323527826855	1.5078095541456018	0	4519
0.76	-0.34866222866988483	0.5190036138054559	1.3825053466384973	1	3181
0.765	-0.3304580429248293	0.6194625466976005	1.4135129875809231	0	4544
0.765	-0.4610651835949754	0.5193925772216075	1.3445159148854786	1	3158
0.77	-0.3304580429248293	0.6241067483477195	1.4135129875809231	0	4586
0.77	-0.4610651835949754	0.5195969871103712	1.355899878285127	1	3129
0.775	-0.3304580429248293	0.6277679783868548	1.5174398852719593	0	4660
0.775	-0.4610651835949754	0.5199873813170527	1.355899878285127	1	3093
0.78	-0.29684483941288947	0.6330844860438869	1.5174398852719593	0	4702
0.78	-0.36742267911888926	0.5213192453840544	1.3418212359602508	1	3010
0.785	-0.34448081382458573	0.6404599580927083	1.355979040276098	0	4741
0.785	-0.36742267911888926	0.5225002076785483	1.3418212359602508	1	2932
0.79	-0.34448081382458573	0.644341000087303	1.355979040276098	0	4846
0.79	-0.36742267911888926	0.5241841658004448	1.3418212359602508	1	2845
0.7949999999999999	-0.34448081382458573	0.6508021122283101	1.355979040276098	0	4907
0.7949999999999999	-0.36742267911888926	0.5250034174737519	1.3418212359602508	1	2741
0.8	-0.34448081382458573	0.6563673039343979	1.3572373670588525	0	5057
0.8	-0.36742267911888926	0.5274037257064024	1.353617990149816	1	2666
0.8049999999999999	-0.3431530094819183	0.6620553216257061	1.3572373670588525	0	5140
0.8049999999999999	-0.36742267911888926	0.5279949033333166	1.3630179623428933	1	2586
0.81	-0.3899128377190942	0.6655051615775899	1.372198404109857	0	5184
0.81	-0.3827870902988619	0.529024988019673	1.3630179623428933	1	2497
0.815	-0.3899128377190942	0.6710941748921522	1.372198404109857	0	5238
0.815	-0.3827870902988619	0.52925732526085	1.3630179623428933	1	2437
0.8200000000000001	-0.3899128377190942	0.6756248298172681	1.3815248675594451	0	5320
0.8200000000000001	-0.3827870902988619	0.53186594930887	1.4362439253389185	1	2320
0.825	-0.3899128377190942	0.6798088014371817	1.4495057408570058	0	5390
0.825	-0.3827870902988619	0.5333522232749354	1.4362439253389185	1	2264
0.8300000000000001	-0.34901567216720925	0.6842869311530102	1.4676363558204704	0	5483
0.8300000000000001	-0.4040440801437783	0.5342897751120718	1.4362439253389185	1	2190
0.835	-0.3431530094819183	0.688704218649534	1.4676363558204704	0	5579
0.835	-0.46351510500412596	0.5360924039887568	1.5881421572330863	1	2085
0.8400000000000001	-0.3431530094819183	0.692580741151793	1.4676363558204704	0	5720
0.8400000000000001	-0.46351510500412596	0.5382377647395012	1.5881421572330863	1	1973
0.845	-0.3431530094819183	0.6978217528468532	1.4676363558204704	0	5770
0.845	-0.46351510500412596	0.5394229016608576	1.5881421572330863	1	1872
0.8500000000000001	-0.35267225612551883	0.7017631180408582	1.4676363558204704	0	5859
0.8500000000000001	-0.36742267911888926	0.5403730561165989	1.5881421572330863	1	1814
0.855	-0.3993125466683639	0.7058552096356782	1.4676363558204704	0	5982
0.855	-0.36742267911888926	0.5423627569238494	1.5881421572330863	1	1710
0.86	-0.3993125466683639	0.710388596408492	1.4676363558204704	0	6050
0.86	-0.36742267911888926	0.5432071993724455	1.5881421572330863	1	1645
0.865	-0.3993125466683639	0.7147737561451465	1.487185167434123	0	6112
0.865	-0.5118265939493246	0.5433338003281573	1.3795857973618324	1	1561
0.87	-0.3993125466683639	0.7189367588945265	1.487185167434123	0	6217
0.87	-0.5118265939493246	0.5442820893498413	1.3795857973618324	1	1490
0.875	-0.3993125466683639	0.7246839639875938	1.4222515886527283	0	6309
0.875	-0.5118265939493246	0.5453357950953713	1.333574331895939	1	1357
0.88	-0.3993125466683639	0.7289101129416802	1.4591760680241403	0	6375
0.88	-0.5118265939493246	0.5457258510675693	1.31468020191629	1	1294
0.885	-0.3993125466683639	0.7337196345514213	1.4619448291088377	0	6492
0.885	-0.5118265939493246	0.5479201661902535	1.31468020191629	1	1194
0.89	-0.360457102807043	0.7388039679319778	1.4619448291088377	0	6560
0.89	-0.36742267911888926	0.5486319533147725	1.4337019256209922	1	1108
0.895	-0.360457102807043	0.7433821425025261	1.4619448291088377	0	6662
0.895	-0.36742267911888926	0.5518712278959511	1.4337019256209922	1	997
0.9	-0.360457102807043	0.7466670744887254	1.4619448291088377	0	6698
0.9	-0.36742267911888926	0.5543223228387073	1.4337019256209922	1	922
0.905	-0.360457102807043	0.7514337534980445	1.4619448291088377	0	6817
0.905	-0.36742267911888926	0.5563125092585999	1.4337019256209922	1	822
0.91	-0.360457102807043	0.7559488391770937	1.4619448291088377	0	6911
0.91	-0.39648323905754207	0.5582822405909996	1.4337019256209922	1	764
0.915	-0.4516277920468076	0.7600044574858953	1.475018430828753	0	6969
0.915	-0.39648323905754207	0.5604475554134213	1.6358585326185224	1	687
0.9199999999999999	-0.360457102807043	0.76385954026913	1.4310342659543729	0	7062
0.9199999999999999	-0.36742267911888926	0.5593767926104483	1.6358585326185224	1	607
0.925	-0.360457102807043	0.7677576076726577	1.4310342659543729	0	7160
0.925	-0.36742267911888926	0.5591825547022963	1.6358585326185224	1	552
0.9299999999999999	-0.360457102807043	0.7723806599049874	1.4310342659543729	0	7167
0.9299999999999999	-0.36742267911888926	0.5604364125111225	1.6358585326185224	1	505
0.935	-0.31236614746891006	0.7761807839349811	1.467766170764771	0	7254
0.935	-0.37250487489242556	0.5624920783024738	1.6358585326185224	1	442
0.94	-0.31236614746891006	0.779409015589731	1.5123543267924677	0	7320
0.94	-0.37250487489242556	0.5626684739561525	1.297834481236371	1	403
0.9450000000000001	-0.31236614746891006	0.7826602796207098	1.5123543267924677	0	7345
0.9450000000000001	-0.2867091585158843	0.564473756020035	1.367308243070325	1	373
0.95	-0.31236614746891006	0.7854065498816273	1.5123543267924677	0	7376
0.95	-0.4233151765191094	0.5654908365059277	1.367308243070325	1	333
0.9550000000000001	-0.27598294344661145	0.7879579362312272	1.5123543267924677	0	7391
0.9550000000000001	-0.4233151765191094	0.5656048939265773	1.367308243070325	1	305
0.96	-0.22732155619253566	0.7908022529539734	1.6106468526994235	0	7443
0.96	-0.4233151765191094	0.5621659385881961	1.3486450936022927	1	255
0.9650000000000001	-0.22732155619253566	0.794052554860245	1.5123543267924677	0	7489
0.9650000000000001	-0.4233151765191094	0.5649528532684094	1.3486450936022927	1	222
0.97	-0.222037229515663	0.7984993371812686	1.5164534697688243	0	7479
0.97	-0.4233151765191094	0.5708225677915457	1.3486450936022927	1	187
0.9750000000000001	-0.222037229515663	0.8030777885665368	1.5164534697688243	0	7545
0.9750000000000001	-0.4233151765191094	0.5749972748343273	1.2639182191254787	1	163
0.98	-0.222037229515663	0.8073620706394141	1.535963256322292	0	7588
0.98	-0.4233151765191094	0.5756363749864241	1.252029188335905	1	144
0.985	-0.28524561943755156	0.8115106121144814	1.535963256322292	0	7580
0.985	-0.4233151765191094	0.5812313922403632	1.2271957132867388	1	125
0.99	-0.28524561943755156	0.8156250897717867	1.5164534697688243	0	7627
0.99	-0.4233151765191094	0.5826110779250154	1.2271957132867388	1	110
0.995	-0.28524561943755156	0.8197521129804312	1.5164534697688243	0	7589
0.995	-0.4233151765191094	0.5791017161432166	1.2271957132867388	1	97
1.0	-0.28524561943755156	0.8226688360479387	1.5164534697688243	0	7624
1.0	-0.4233151765191094	0.5826074577645866	1.2271957132867388	1	81
1.005	-0.28524561943755156	0.826310888420326	1.5164534697688243	0	7650
1.005	-0.36936723272583455	0.5858901163145753	1.2271957132867388	1	65
1.01	-0.23314925138863898	0.8296364436896583	1.5164534697688243	0	7701
1.01	-0.36936723272583455	0.5869425361668007	1.2271957132867388	1	50
1.0150000000000001	-0.23314925138863898	0.8331923533890482	1.5164534697688243	0	7677
1.0150000000000001	-0.1578181266129709	0.5927793049647858	1.2271957132867388	1	41
1.02	-0.2514357918004805	0.836987590936621	1.5343072081919167	0	7717
1.02	-0.12407385587322386	0.6026084983765834	1.2048308586877488	1	26
1.025	-0.2107622927469644	0.8416937124022379	1.5343072081919167	0	7719
1.025	-0.24092033575681432	0.59950357312682	1.2048308586877488	1	20
1.03	-0.1934132550183675	0.8464491953625367	1.647618112638378	0	7729
1.03	-0.24092033575681432	0.6071573642770105	1.2048308586877488	1	20
1.0350000000000001	-0.22203729616624926	0.8505063847923204	1.5486497988068217	0	7722
1.0350000000000001	-0.24092033575681432	0.6142961923574112	1.1134839072809262	1	15
1.04	-0.22203729616624926	0.8542364619918774	1.5680987879059343	0	7739
1.04	-0.24092033575681432	0.6256780035568863	1.2209395572465325	1	13
1.045	-0.21812287827278257	0.8577369855012961	1.5680987879059343	0	7729
1.045	-0.24092033575681432	0.6355619210084245	1.2209395572465325	1	14
1.05	-0.14704436259105402	0.8622431293626867	1.5680987879059343	0	7738
1.05	-0.12407385587322386	0.6482637582597951	1.1134839072809262	1	11
1.0550000000000002	-0.14704436259105402	0.8659704262982003	1.5486497988068217	0	7696
1.0550000000000002	-0.12407385587322386	0.6375427601537939	1.255331968232425	1	10
1.06	-0.22116640742660953	0.8695170654367154	1.5486497988068217	0	7685
1.06	-0.12407385587322386	0.6398972875333048	1.255331968232425	1	8
1.065	-0.22116640742660953	0.8725123441591656	1.5486497988068217	0	7698
