#env	min	mean	max	gen_type	agent num
0.5	-0.267542008517457	0.5006616125343462	1.1719049693437191	0	1795
0.5	-0.22407148853869607	0.5007810433906049	1.177421849437334	1	1657
0.505	-0.267542008517457	0.5005570702468175	1.1719049693437191	0	2770
0.505	-0.22407148853869607	0.4996105992676054	1.1903923439909534	1	2550
0.51	-0.267542008517457	0.5000208445310191	1.2418752723981843	0	3756
0.51	-0.22407148853869607	0.49932119361210625	1.2542593390404932	1	3410
0.515	-0.267542008517457	0.499989857208962	1.2418752723981843	0	4509
0.515	-0.22407148853869607	0.49963521557237006	1.2542593390404932	1	4097
0.52	-0.3086693677491358	0.4999705186549777	1.2660010264177028	0	4237
0.52	-0.22407148853869607	0.4992655467050943	1.2542593390404932	1	3873
0.525	-0.3086693677491358	0.4996823679905899	1.2607676931679899	0	4237
0.525	-0.24071743036458726	0.4988727284016194	1.2542593390404932	1	3920
0.53	-0.3086693677491358	0.4997716512496129	1.2710579911886324	0	4074
0.53	-0.3023169684652348	0.4990165004349643	1.2542593390404932	1	3807
0.535	-0.3086693677491358	0.5013948057229107	1.2710579911886324	0	3959
0.535	-0.3132474707549021	0.4993312852357941	1.2917729449892976	1	3778
0.54	-0.3086693677491358	0.5024873194842596	1.2710579911886324	0	4042
0.54	-0.3132474707549021	0.49873014195497695	1.2917729449892976	1	3885
0.545	-0.31265206542250357	0.5032703148419436	1.2899894088521515	0	4130
0.545	-0.3132474707549021	0.4985765398741992	1.2892945457617853	1	3916
0.55	-0.31265206542250357	0.5044795233259158	1.2710579911886324	0	4169
0.55	-0.3132474707549021	0.49776021001404996	1.2892945457617853	1	3887
0.555	-0.31265206542250357	0.5061759623404546	1.2710579911886324	0	4164
0.555	-0.48716110939922486	0.4977159690540904	1.2892945457617853	1	3857
0.56	-0.33303887992328096	0.5073775350059042	1.2883449200944819	0	4035
0.56	-0.48716110939922486	0.49714915584839964	1.2688118361683882	1	3819
0.565	-0.33303887992328096	0.5094161935528586	1.2883449200944819	0	4043
0.565	-0.48716110939922486	0.49741674832196103	1.2589555383607527	1	3833
0.5700000000000001	-0.33303887992328096	0.5106091275930937	1.2883449200944819	0	4043
0.5700000000000001	-0.48716110939922486	0.49747322408787303	1.2589555383607527	1	3865
0.575	-0.33303887992328096	0.512385300456557	1.3030520087545838	0	4002
0.575	-0.48716110939922486	0.49783812311705633	1.2627768889293738	1	3959
0.58	-0.33303887992328096	0.5125899801943495	1.3025921447855862	0	4009
0.58	-0.48716110939922486	0.49786812473720493	1.2627768889293738	1	3953
0.585	-0.33303887992328096	0.5133335410384227	1.3025921447855862	0	4025
0.585	-0.48716110939922486	0.497704085130213	1.2627768889293738	1	3941
0.59	-0.33303887992328096	0.5159737926679524	1.2773084752584354	0	4004
0.59	-0.4202639136854401	0.4977152901786819	1.2589555383607527	1	3913
0.595	-0.2672406604185411	0.5161671449873787	1.2773084752584354	0	3990
0.595	-0.4202639136854401	0.4975897489039479	1.2589555383607527	1	3877
0.6	-0.2672406604185411	0.5179904392549868	1.2773084752584354	0	4045
0.6	-0.4202639136854401	0.4977695170634469	1.2589555383607527	1	3862
0.605	-0.2672406604185411	0.5189451520738062	1.2773084752584354	0	4038
0.605	-0.4202639136854401	0.49823856573051045	1.428793131237883	1	3894
0.61	-0.2672406604185411	0.520484682949691	1.3625635722193021	0	4095
0.61	-0.3935112179714061	0.49888109434863576	1.428793131237883	1	3897
0.615	-0.5210504670583602	0.521027311968481	1.3625635722193021	0	4070
0.615	-0.3935112179714061	0.4992050550110681	1.428793131237883	1	3820
0.62	-0.2766427047819392	0.5241284131234966	1.3625635722193021	0	4042
0.62	-0.3935112179714061	0.4993979769362406	1.428793131237883	1	3825
0.625	-0.2845090442195369	0.5256799384548078	1.3625635722193021	0	4010
0.625	-0.39600386846634084	0.5003010085664762	1.2892546224557604	1	3794
0.63	-0.2845090442195369	0.5289721492777318	1.3625635722193021	0	3995
0.63	-0.39600386846634084	0.5003820658998499	1.2892546224557604	1	3801
0.635	-0.39746268977015414	0.5315437031867942	1.3625635722193021	0	4017
0.635	-0.39600386846634084	0.5009669650578625	1.3082332139472022	1	3829
0.64	-0.39746268977015414	0.5346176127068049	1.399829699999596	0	3976
0.64	-0.39600386846634084	0.5016177884526772	1.3737230375592395	1	3882
0.645	-0.35427040844057156	0.5362169800263713	1.399829699999596	0	4054
0.645	-0.39600386846634084	0.5028426727424649	1.316398608898467	1	3874
0.65	-0.35427040844057156	0.5409890956210318	1.399829699999596	0	4008
0.65	-0.3935112179714061	0.5029251882279407	1.3471138483081322	1	3871
0.655	-0.35427040844057156	0.5447371911700625	1.399829699999596	0	4025
0.655	-0.3935112179714061	0.5034102308064011	1.3471138483081322	1	3848
0.66	-0.4369523594513954	0.5487241488751865	1.3185932177722255	0	4001
0.66	-0.3935112179714061	0.5041360810311849	1.3088620967288946	1	3825
0.665	-0.30760582069562187	0.5513329903283762	1.3185932177722255	0	4056
0.665	-0.3935112179714061	0.5049639600270719	1.3055275185287871	1	3796
0.67	-0.2892853481938322	0.5552602173332102	1.3575620838071987	0	4057
0.67	-0.38773696187479634	0.5053477149161164	1.3055275185287871	1	3800
0.675	-0.27384934607964245	0.5585146190196335	1.4299201075971104	0	4069
0.675	-0.38773696187479634	0.5067808034843344	1.2841557729315163	1	3775
0.6799999999999999	-0.2843601001020748	0.5629918245855412	1.4299201075971104	0	4048
0.6799999999999999	-0.28060772393806477	0.507781864614991	1.2777910874006504	1	3760
0.685	-0.2843601001020748	0.5667116351077859	1.4299201075971104	0	4042
0.685	-0.30859439827080376	0.5085170990369987	1.2777910874006504	1	3746
0.69	-0.294954575269423	0.5719363243756148	1.4299201075971104	0	4051
0.69	-0.4419106918894654	0.5093866956980649	1.3195784097507266	1	3761
0.6950000000000001	-0.3412530412879247	0.5752523407992861	1.3575620838071987	0	3997
0.6950000000000001	-0.38627035716278335	0.5104776252718305	1.2930375428264933	1	3747
0.7	-0.29719921727168497	0.5794446815703046	1.3798867854631518	0	4049
0.7	-0.38627035716278335	0.5107219486528296	1.3772363191854573	1	3788
0.7050000000000001	-0.39674382936027464	0.5837973458091547	1.3798867854631518	0	4015
0.7050000000000001	-0.32492233785413444	0.5111095636240206	1.3511281441584961	1	3800
0.71	-0.39674382936027464	0.5890225750990287	1.3798867854631518	0	4034
0.71	-0.32492233785413444	0.5115344900312642	1.3511281441584961	1	3809
0.715	-0.39674382936027464	0.5920336768264114	1.3176933188806736	0	3987
0.715	-0.3709290947610725	0.5115556053496005	1.3206702931788208	1	3830
0.72	-0.3243854630577916	0.598248226734244	1.3382281130152658	0	3969
0.72	-0.3709290947610725	0.5115034237843867	1.3108921290493072	1	3795
0.725	-0.3243854630577916	0.6032956872491151	1.3382281130152658	0	3959
0.725	-0.3709290947610725	0.5118120237837216	1.3108921290493072	1	3827
0.73	-0.27698532811812887	0.6085118704803687	1.3382281130152658	0	3976
0.73	-0.3709290947610725	0.5121187265616932	1.334606493289473	1	3823
0.735	-0.26915702822444854	0.6139191170034521	1.3176933188806736	0	3971
0.735	-0.3709290947610725	0.5122142731807815	1.334606493289473	1	3827
0.74	-0.2629607142897872	0.61865772987065	1.4196735225249766	0	3994
0.74	-0.3709290947610725	0.5135601295566465	1.365838496993142	1	3794
0.745	-0.3381689586645171	0.6208446167016288	1.4196735225249766	0	4039
0.745	-0.3709290947610725	0.5142450341651866	1.365838496993142	1	3723
0.75	-0.3381689586645171	0.6257138403312356	1.4196735225249766	0	4072
0.75	-0.3709290947610725	0.5148531348074041	1.442936128216341	1	3645
0.755	-0.3381689586645171	0.6293445352666949	1.401207342090745	0	4127
0.755	-0.3709290947610725	0.5153478371609571	1.442936128216341	1	3596
0.76	-0.3381689586645171	0.6347251718598199	1.401207342090745	0	4150
0.76	-0.39950573311198045	0.5166166559133262	1.442936128216341	1	3515
0.765	-0.33788537567818355	0.6385172520315276	1.3629099449397792	0	4268
0.765	-0.39950573311198045	0.517422292169942	1.442936128216341	1	3430
0.77	-0.33788537567818355	0.6424334054030993	1.4778403734753678	0	4373
0.77	-0.39950573311198045	0.518211709150528	1.4332597514969594	1	3347
0.775	-0.34811371791357243	0.6445807735458822	1.4778403734753678	0	4438
0.775	-0.3709290947610725	0.5184289423982286	1.4455168371473406	1	3258
0.78	-0.361597100471766	0.6521973704600835	1.4180052727501786	0	4493
0.78	-0.32492233785413444	0.5188201553535954	1.4455168371473406	1	3191
0.785	-0.34811371791357243	0.6552315072976204	1.4180052727501786	0	4569
0.785	-0.32492233785413444	0.519741233596461	1.3945294605575025	1	3134
0.79	-0.34811371791357243	0.6589365529508561	1.4180052727501786	0	4621
0.79	-0.32492233785413444	0.5209411501624807	1.3369937620009198	1	3058
0.7949999999999999	-0.356726591492483	0.6619439524380005	1.466647972865235	0	4702
0.7949999999999999	-0.40390674552761546	0.5217932543879001	1.3369937620009198	1	2971
0.8	-0.356726591492483	0.6666499385613189	1.466647972865235	0	4740
0.8	-0.4241471264835252	0.5231238716511784	1.3369937620009198	1	2896
0.8049999999999999	-0.356726591492483	0.6703902894843596	1.466647972865235	0	4837
0.8049999999999999	-0.4241471264835252	0.5239417906469175	1.4308280701107445	1	2844
0.81	-0.356726591492483	0.6731850642912272	1.466647972865235	0	4936
0.81	-0.4241471264835252	0.5234746273254122	1.3956641385538837	1	2760
0.815	-0.356726591492483	0.6776102321556473	1.466647972865235	0	5047
0.815	-0.4241471264835252	0.5235042341358938	1.3956641385538837	1	2648
0.8200000000000001	-0.356726591492483	0.6815031475123947	1.466647972865235	0	5137
0.8200000000000001	-0.427315187372581	0.5247789070536697	1.33843131086481	1	2573
0.825	-0.3728344099143931	0.6844130030416501	1.4294432132225576	0	5260
0.825	-0.3785765585146995	0.5252031542444291	1.4087153130024317	1	2407
0.8300000000000001	-0.3728344099143931	0.688511707683345	1.4855772441196544	0	5346
0.8300000000000001	-0.37405740234458373	0.5252220591474818	1.33843131086481	1	2317
0.835	-0.3728344099143931	0.693609058733276	1.478609430571961	0	5393
0.835	-0.37405740234458373	0.5265453983715732	1.340842996570968	1	2203
0.8400000000000001	-0.34811371791357243	0.6989295339936996	1.478609430571961	0	5458
0.8400000000000001	-0.37405740234458373	0.5275766044468465	1.340842996570968	1	2139
0.845	-0.34811371791357243	0.7042700076119925	1.5519242646414522	0	5612
0.845	-0.3930645885609394	0.5279304519628153	1.340842996570968	1	1985
0.8500000000000001	-0.34811371791357243	0.7077471367135457	1.5519242646414522	0	5798
0.8500000000000001	-0.37405740234458373	0.5289470722875212	1.340842996570968	1	1858
0.855	-0.34811371791357243	0.7108738397669858	1.5519242646414522	0	5892
0.855	-0.384307050132916	0.5300800412334524	1.387021573792457	1	1736
0.86	-0.34811371791357243	0.7149610806288851	1.5519242646414522	0	6052
0.86	-0.384307050132916	0.5316990396259139	1.387021573792457	1	1606
0.865	-0.34811371791357243	0.7188341578664735	1.5519242646414522	0	6146
0.865	-0.37405740234458373	0.5326191667316087	1.387021573792457	1	1482
0.87	-0.34811371791357243	0.7213567118719463	1.5519242646414522	0	6252
0.87	-0.37405740234458373	0.5335807404920225	1.387021573792457	1	1375
0.875	-0.34811371791357243	0.725117290949041	1.5519242646414522	0	6401
0.875	-0.37743297646653795	0.5344112165228363	1.387021573792457	1	1295
0.88	-0.34811371791357243	0.7298560256516007	1.5381477564710118	0	6495
0.88	-0.37743297646653795	0.535551025811617	1.387021573792457	1	1213
0.885	-0.310084056831876	0.7357418374768848	1.5381477564710118	0	6552
0.885	-0.37743297646653795	0.5371126725876197	1.387021573792457	1	1110
0.89	-0.310084056831876	0.7400413957611405	1.5381477564710118	0	6715
0.89	-0.37743297646653795	0.5372756278951113	1.387021573792457	1	1001
0.895	-0.32093995013361726	0.7447835319468235	1.5126157105256075	0	6832
0.895	-0.37743297646653795	0.5387759550397887	1.387021573792457	1	908
0.9	-0.37605722901670746	0.7490342816596458	1.5126157105256075	0	6893
0.9	-0.37743297646653795	0.5402409560597026	1.387021573792457	1	851
0.905	-0.37605722901670746	0.7534120888309246	1.5126157105256075	0	6922
0.905	-0.37743297646653795	0.5407199700083231	1.387021573792457	1	762
0.91	-0.37605722901670746	0.7570131827375919	1.5126157105256075	0	6964
0.91	-0.37743297646653795	0.5424109842334087	1.387021573792457	1	675
0.915	-0.3253752229653601	0.7615185237618006	1.5126157105256075	0	6991
0.915	-0.37743297646653795	0.5447213040100182	1.3956699312563767	1	618
0.9199999999999999	-0.3253752229653601	0.7647742634504093	1.5126157105256075	0	7085
0.9199999999999999	-0.37743297646653795	0.5452935186410643	1.3956699312563767	1	546
0.925	-0.3253752229653601	0.7682931430040995	1.6422069480875778	0	7197
0.925	-0.4235803283167456	0.546901916592482	1.3158151437803844	1	493
0.9299999999999999	-0.3253752229653601	0.7714810004232673	1.6422069480875778	0	7263
0.9299999999999999	-0.4235803283167456	0.5464621924705452	1.3158151437803844	1	467
0.935	-0.3253752229653601	0.7754993790438502	1.583262171771602	0	7387
0.935	-0.4235803283167456	0.5513518082402254	1.3158151437803844	1	401
0.94	-0.3253752229653601	0.7800036715482112	1.4934907453760735	0	7374
0.94	-0.4235803283167456	0.5548409084398246	1.3158151437803844	1	344
0.9450000000000001	-0.3253752229653601	0.7843077766855069	1.520663335679196	0	7392
0.9450000000000001	-0.4235803283167456	0.5580714363996531	1.3158151437803844	1	293
0.95	-0.3777562063193968	0.7878595754854129	1.5253068354465942	0	7459
0.95	-0.37743297646653795	0.5635682055723898	1.273864750273821	1	250
0.9550000000000001	-0.3777562063193968	0.7923580046466077	1.6397516236254575	0	7563
0.9550000000000001	-0.37743297646653795	0.5671915126007496	1.273864750273821	1	213
0.96	-0.3777562063193968	0.7963739332741426	1.6397516236254575	0	7596
0.96	-0.37743297646653795	0.5660934414656796	1.273864750273821	1	189
0.9650000000000001	-0.3777562063193968	0.8001561539073885	1.6397516236254575	0	7626
0.9650000000000001	-0.37743297646653795	0.5673385594133896	1.273864750273821	1	163
0.97	-0.3777562063193968	0.8045791328429134	1.6397516236254575	0	7667
0.97	-0.37743297646653795	0.5713865670874001	1.273864750273821	1	133
0.9750000000000001	-0.36546330044065434	0.8090531452783006	1.6397516236254575	0	7642
0.9750000000000001	-0.37743297646653795	0.5717317964340801	1.273864750273821	1	126
0.98	-0.36546330044065434	0.8128649023903622	1.6397516236254575	0	7627
0.98	-0.37743297646653795	0.5709778075123578	1.273864750273821	1	107
0.985	-0.36546330044065434	0.8160958688436211	1.6397516236254575	0	7602
0.985	-0.19010727453957257	0.5769280307893055	1.247788251085077	1	90
0.99	-0.36546330044065434	0.8197958998098457	1.6534407250999104	0	7676
0.99	-0.16222741476507269	0.5762027788276567	1.1713407058097094	1	83
0.995	-0.36546330044065434	0.8233670698293156	1.6534407250999104	0	7660
0.995	-0.16222741476507269	0.5755203977766579	1.1713407058097094	1	68
1.0	-0.38751391834759596	0.825933793599615	1.6534407250999104	0	7697
1.0	-0.16222741476507269	0.5743471137225699	1.1713407058097094	1	60
1.005	-0.38751391834759596	0.830113002925887	1.6534407250999104	0	7687
1.005	-0.16222741476507269	0.5752875066356785	1.1713407058097094	1	56
1.01	-0.38751391834759596	0.833995635450784	1.6534407250999104	0	7687
1.01	-0.1265454449911232	0.5725481041262747	1.1713407058097094	1	43
1.0150000000000001	-0.38751391834759596	0.8372354626322913	1.6534407250999104	0	7677
1.0150000000000001	-0.1265454449911232	0.5715034888526757	1.3096427427389667	1	35
1.02	-0.36546330044065434	0.8404144741187004	1.6534407250999104	0	7653
1.02	-0.1265454449911232	0.5726271791894948	1.3096427427389667	1	27
1.025	-0.36546330044065434	0.8446618595662547	1.6534407250999104	0	7658
1.025	-0.1261643987302046	0.575084969752062	1.0783585549570531	1	22
1.03	-0.36546330044065434	0.8479500597433166	1.6534407250999104	0	7636
1.03	-0.1261643987302046	0.5774257437234069	1.0783585549570531	1	22
1.0350000000000001	-0.36546330044065434	0.8501527450440262	1.6534407250999104	0	7682
1.0350000000000001	-0.09118809102030015	0.5760118327625089	1.0783585549570531	1	17
1.04	-0.36546330044065434	0.8537068809478766	1.6534407250999104	0	7659
1.04	-0.09118809102030015	0.5914553653691031	1.0783585549570531	1	15
1.045	-0.2506675504294326	0.8571642384384068	1.6534407250999104	0	7664
1.045	-0.07052656089953821	0.5881188740832941	1.0508998275276717	1	14
1.05	-0.33970992059939664	0.8597715809518863	1.6534407250999104	0	7707
1.05	-0.017636096429927445	0.5652945125940902	1.0508998275276717	1	12
1.0550000000000002	-0.33970992059939664	0.8626833914310399	1.6534407250999104	0	7737
1.0550000000000002	-0.017636096429927445	0.5758503456794524	1.0508998275276717	1	9
1.06	-0.22934153579328273	0.8664109999714718	1.6534407250999104	0	7637
1.06	-0.017636096429927445	0.5712943898596821	1.0508998275276717	1	8
