#env	min	mean	max	gen_type	agent num
0.5	-0.2698656809132241	0.49944635007660887	1.242616133179243	0	1781
0.5	-0.2133762179102324	0.499323942509887	1.1362568146890697	1	1652
0.505	-0.2698656809132241	0.49921122687826475	1.2563260579124713	0	2791
0.505	-0.22290662592299054	0.49998110561588166	1.2073510424265974	1	2569
0.51	-0.2698656809132241	0.4980037115615689	1.308933541793669	0	3762
0.51	-0.2481373448069743	0.49973478477504735	1.2675314089237888	1	3478
0.515	-0.2941390287139619	0.4980141075507486	1.308933541793669	0	4508
0.515	-0.27735609829871166	0.5001509584544851	1.28124288347515	1	4172
0.52	-0.31556032574829446	0.49842009006800886	1.308933541793669	0	4189
0.52	-0.27735609829871166	0.5008043102847086	1.2675314089237888	1	3923
0.525	-0.31556032574829446	0.49808541196805656	1.308933541793669	0	4246
0.525	-0.27735609829871166	0.5006274623616381	1.2675314089237888	1	3953
0.53	-0.3072052606803315	0.4984300516017184	1.308933541793669	0	4091
0.53	-0.33288328593450456	0.5009670848689762	1.2671323133324437	1	3786
0.535	-0.3072052606803315	0.49967296498581826	1.3224632237996354	0	3996
0.535	-0.33288328593450456	0.5011208646880257	1.2671323133324437	1	3715
0.54	-0.3072052606803315	0.5002487436020553	1.3224632237996354	0	4123
0.54	-0.33288328593450456	0.5009449674285794	1.272557701907708	1	3787
0.545	-0.3072052606803315	0.4998404667623879	1.3224632237996354	0	4210
0.545	-0.36575834381556155	0.5009710894137799	1.2819377327381956	1	3853
0.55	-0.3072052606803315	0.49989371366981905	1.49698563741602	0	4230
0.55	-0.36575834381556155	0.5016816398236341	1.2819377327381956	1	3832
0.555	-0.3072052606803315	0.49986613317868434	1.49698563741602	0	4183
0.555	-0.36575834381556155	0.5017775908963419	1.2819377327381956	1	3855
0.56	-0.33707935963116115	0.5014007320535643	1.49698563741602	0	4123
0.56	-0.33288328593450456	0.5021377196462093	1.2819377327381956	1	3796
0.565	-0.3072052606803315	0.5028027861646552	1.49698563741602	0	4069
0.565	-0.33288328593450456	0.5030275096963225	1.2819377327381956	1	3821
0.5700000000000001	-0.3984128460701878	0.5017256145751193	1.49698563741602	0	4067
0.5700000000000001	-0.32176097728721853	0.5035118016775091	1.2819377327381956	1	3880
0.575	-0.3984128460701878	0.5032799584125947	1.3224632237996354	0	4088
0.575	-0.32176097728721853	0.5034224682916497	1.3440550501056765	1	3932
0.58	-0.3159495996445711	0.5045400727140894	1.3930109399014792	0	4074
0.58	-0.32176097728721853	0.5033895797147252	1.3440550501056765	1	3965
0.585	-0.4062261524636587	0.505669447255609	1.3930109399014792	0	3990
0.585	-0.32176097728721853	0.503717957773265	1.3440550501056765	1	3963
0.59	-0.4062261524636587	0.5051843083386863	1.3930109399014792	0	3939
0.59	-0.32176097728721853	0.5047249506881865	1.3440550501056765	1	3952
0.595	-0.4062261524636587	0.507931731515219	1.2645808299141494	0	3955
0.595	-0.32176097728721853	0.5045863793003883	1.3440550501056765	1	3913
0.6	-0.4062261524636587	0.5106465524525419	1.2746294105886014	0	3931
0.6	-0.32176097728721853	0.5048647963553285	1.3440550501056765	1	3930
0.605	-0.4062261524636587	0.5124426738685469	1.2746294105886014	0	3968
0.605	-0.32176097728721853	0.5049605316657714	1.3440550501056765	1	3938
0.61	-0.4062261524636587	0.5142186463412879	1.2805692351212514	0	4008
0.61	-0.32176097728721853	0.5056074994423035	1.3440550501056765	1	3958
0.615	-0.3859298239598016	0.517852200439064	1.2805692351212514	0	4038
0.615	-0.34182029239746053	0.5048214837207073	1.3440550501056765	1	3936
0.62	-0.3859298239598016	0.5201440807158496	1.3055320724084885	0	4030
0.62	-0.34182029239746053	0.5048389144733618	1.3535729992494048	1	3945
0.625	-0.3859298239598016	0.5233276891131585	1.3055320724084885	0	3983
0.625	-0.4098636484923297	0.5047394486432734	1.3535729992494048	1	3920
0.63	-0.31002138610238694	0.5262420983173017	1.3055320724084885	0	3906
0.63	-0.4098636484923297	0.5048841688132517	1.3535729992494048	1	3927
0.635	-0.2916769950216813	0.5305754225386717	1.2919955762388806	0	3883
0.635	-0.4098636484923297	0.5044019979015707	1.3535729992494048	1	3931
0.64	-0.2916769950216813	0.5322222960616261	1.2982538271232238	0	3912
0.64	-0.4098636484923297	0.5052182928192315	1.3535729992494048	1	3951
0.645	-0.2916769950216813	0.5368336899867799	1.2982538271232238	0	3886
0.645	-0.4098636484923297	0.5048040452082053	1.302308558488856	1	3939
0.65	-0.4204768412377573	0.5416484523646726	1.3332017672013081	0	3883
0.65	-0.41904540948657865	0.5055974037426155	1.3395777990298732	1	3958
0.655	-0.4204768412377573	0.5451644210289744	1.3332017672013081	0	3911
0.655	-0.41904540948657865	0.5059214687118939	1.3395777990298732	1	3924
0.66	-0.4204768412377573	0.5470989953376175	1.3332017672013081	0	3942
0.66	-0.4098636484923297	0.5069631873838666	1.3395777990298732	1	3905
0.665	-0.3275442250845131	0.5509521145052908	1.3332017672013081	0	3906
0.665	-0.4098636484923297	0.5066980519073473	1.3395777990298732	1	3856
0.67	-0.3275442250845131	0.5533972184373049	1.3988981693853275	0	3931
0.67	-0.5045359703824013	0.5079585017178277	1.3568678258274298	1	3872
0.675	-0.3275442250845131	0.5550438031311701	1.3988981693853275	0	3953
0.675	-0.5045359703824013	0.5080445136340946	1.3568678258274298	1	3872
0.6799999999999999	-0.3275442250845131	0.5581478970774352	1.2954370565335407	0	3966
0.6799999999999999	-0.5045359703824013	0.5081566485608698	1.3568678258274298	1	3849
0.685	-0.3275442250845131	0.5630394966846385	1.2954370565335407	0	3973
0.685	-0.5045359703824013	0.5080716616995727	1.3568678258274298	1	3874
0.69	-0.3275442250845131	0.567994429121601	1.3378187007448081	0	3957
0.69	-0.5045359703824013	0.5090589471780451	1.3568678258274298	1	3827
0.6950000000000001	-0.3275442250845131	0.5728826837751059	1.3378187007448081	0	3970
0.6950000000000001	-0.35164382726224497	0.5092148668178695	1.3568678258274298	1	3808
0.7	-0.3275442250845131	0.5778405418447576	1.3378187007448081	0	4016
0.7	-0.35164382726224497	0.5095427081607926	1.3568678258274298	1	3768
0.7050000000000001	-0.3275442250845131	0.5811027395709886	1.3378187007448081	0	4023
0.7050000000000001	-0.35164382726224497	0.5099246896848759	1.3410856029668365	1	3775
0.71	-0.3039750340272499	0.5833390609450163	1.3626932881491016	0	4064
0.71	-0.40645048260964245	0.5108663748769723	1.3410856029668365	1	3678
0.715	-0.3039750340272499	0.5872928775053627	1.3276226914483906	0	4121
0.715	-0.40645048260964245	0.5113874813913498	1.3410856029668365	1	3651
0.72	-0.34972037154954844	0.5917855179011752	1.3276226914483906	0	4164
0.72	-0.4286552009130916	0.5124596523561138	1.3410856029668365	1	3580
0.725	-0.3846760289184367	0.59501871900228	1.2954370565335407	0	4195
0.725	-0.4286552009130916	0.5133731398007665	1.4038704338118304	1	3572
0.73	-0.3671682643986909	0.5980851085171061	1.2954370565335407	0	4230
0.73	-0.4286552009130916	0.5146215362748304	1.4038704338118304	1	3517
0.735	-0.34972037154954844	0.602026478658221	1.3623763415964976	0	4292
0.735	-0.40645048260964245	0.5166339240972455	1.4038704338118304	1	3462
0.74	-0.356506353245754	0.6058208042638433	1.3623763415964976	0	4344
0.74	-0.352318558155274	0.5172148863387911	1.3410856029668365	1	3444
0.745	-0.356506353245754	0.6100224807585959	1.3623763415964976	0	4386
0.745	-0.352318558155274	0.5179716112074126	1.3410856029668365	1	3388
0.75	-0.356506353245754	0.6143495423622979	1.3623763415964976	0	4403
0.75	-0.3530035393389476	0.518179455449792	1.3588347565758516	1	3328
0.755	-0.31077263648134934	0.6173978923995364	1.3807821786451626	0	4476
0.755	-0.4147817955472498	0.5190148120381669	1.3907643025048932	1	3277
0.76	-0.33955287320476146	0.6212355922686752	1.3623763415964976	0	4457
0.76	-0.4147817955472498	0.5192362274864889	1.3907643025048932	1	3239
0.765	-0.33955287320476146	0.6245149265586255	1.37374935107508	0	4527
0.765	-0.4147817955472498	0.5191065218238681	1.3907643025048932	1	3199
0.77	-0.31077263648134934	0.6276806544194976	1.37374935107508	0	4509
0.77	-0.4147817955472498	0.5191823280491747	1.3907643025048932	1	3155
0.775	-0.2646665358427696	0.6305083633061105	1.37374935107508	0	4560
0.775	-0.4147817955472498	0.5194279085798319	1.3907643025048932	1	3117
0.78	-0.2829131504620269	0.6352740159367739	1.37374935107508	0	4632
0.78	-0.4147817955472498	0.519753647308035	1.3907643025048932	1	3057
0.785	-0.2829131504620269	0.6395171429694845	1.4570021845660668	0	4725
0.785	-0.4001961675410987	0.5201111418487234	1.375387805524623	1	2952
0.79	-0.2646665358427696	0.643835384041838	1.4570021845660668	0	4781
0.79	-0.40092856259664805	0.5209412899033674	1.375387805524623	1	2844
0.7949999999999999	-0.4115826286989136	0.6474810195964859	1.4570021845660668	0	4908
0.7949999999999999	-0.40092856259664805	0.5225958630434847	1.375387805524623	1	2795
0.8	-0.31950820213142356	0.6519934459643487	1.4570021845660668	0	5019
0.8	-0.3489172294920025	0.5238900985525878	1.375387805524623	1	2688
0.8049999999999999	-0.30695979574719773	0.6559274568703028	1.3406279333893851	0	5103
0.8049999999999999	-0.3489172294920025	0.5257254320545252	1.375387805524623	1	2601
0.81	-0.30695979574719773	0.6596735782451673	1.3465981582232334	0	5184
0.81	-0.40321590500032184	0.5268519362751624	1.375387805524623	1	2497
0.815	-0.30695979574719773	0.6626461965717976	1.3465981582232334	0	5207
0.815	-0.33636763730497427	0.5286135814496028	1.3363092209182486	1	2414
0.8200000000000001	-0.30695979574719773	0.6657805715494765	1.356751266300492	0	5310
0.8200000000000001	-0.3449678349103052	0.5293625391264707	1.3344707607136441	1	2356
0.825	-0.3581612654742031	0.6695887510703339	1.427943824747026	0	5386
0.825	-0.3538129884564785	0.5307587857752089	1.3428841847599344	1	2248
0.8300000000000001	-0.3581612654742031	0.6726237633648189	1.427943824747026	0	5478
0.8300000000000001	-0.37658828097795505	0.5318508342950637	1.3428841847599344	1	2138
0.835	-0.3581612654742031	0.6767179676334081	1.4090220073186788	0	5553
0.835	-0.39538934125210795	0.5337489098091345	1.3428841847599344	1	2080
0.8400000000000001	-0.3581612654742031	0.6820785009744624	1.4090220073186788	0	5662
0.8400000000000001	-0.37658828097795505	0.5348616901817539	1.3532899940577332	1	1967
0.845	-0.3581612654742031	0.6860259207908564	1.3142219412201055	0	5725
0.845	-0.37658828097795505	0.5354038136168325	1.3532899940577332	1	1902
0.8500000000000001	-0.35787568477060194	0.6916692935561346	1.3233856440018559	0	5843
0.8500000000000001	-0.39080080496007075	0.5375705067776045	1.3532899940577332	1	1798
0.855	-0.35787568477060194	0.6965383526491803	1.3973303787163482	0	5945
0.855	-0.38696576528410065	0.5380192129486053	1.367743298500275	1	1726
0.86	-0.35787568477060194	0.7027497137762003	1.3973303787163482	0	6045
0.86	-0.38696576528410065	0.5399880985839552	1.367743298500275	1	1619
0.865	-0.35787568477060194	0.7084594862750185	1.3973303787163482	0	6124
0.865	-0.38696576528410065	0.541024073946459	1.367743298500275	1	1535
0.87	-0.32496455344829583	0.7138463289687996	1.3973303787163482	0	6253
0.87	-0.38696576528410065	0.5420261830759305	1.3344707607136441	1	1417
0.875	-0.3574832702715882	0.7189507217329689	1.3973303787163482	0	6343
0.875	-0.38696576528410065	0.5432700760848593	1.3382159770215503	1	1313
0.88	-0.3574832702715882	0.7242625506996604	1.4290046793684155	0	6446
0.88	-0.38696576528410065	0.5455447872435342	1.3444512779131121	1	1219
0.885	-0.3574832702715882	0.7277748244022518	1.4290046793684155	0	6525
0.885	-0.38696576528410065	0.547531841567676	1.3444512779131121	1	1135
0.89	-0.3574832702715882	0.7326176590792782	1.4290046793684155	0	6617
0.89	-0.38696576528410065	0.5481589931483621	1.3920932552720207	1	1052
0.895	-0.3574832702715882	0.736907501469686	1.4290046793684155	0	6683
0.895	-0.38696576528410065	0.5514951133028979	1.3920932552720207	1	998
0.9	-0.32496455344829583	0.7411453687357201	1.5158846942536865	0	6760
0.9	-0.38696576528410065	0.5520550005384677	1.3920932552720207	1	939
0.905	-0.30695979574719773	0.7459696269670978	1.5158846942536865	0	6847
0.905	-0.38696576528410065	0.5521542096089982	1.3920932552720207	1	839
0.91	-0.30695979574719773	0.7500944155908729	1.5158846942536865	0	6918
0.91	-0.4063124282109038	0.5532990886977713	1.3680569609974984	1	779
0.915	-0.30695979574719773	0.7540016277785676	1.5158846942536865	0	6974
0.915	-0.4063124282109038	0.553941487628156	1.3680569609974984	1	709
0.9199999999999999	-0.30695979574719773	0.7583136924499261	1.5158846942536865	0	7075
0.9199999999999999	-0.4063124282109038	0.5533372818759748	1.3680569609974984	1	645
0.925	-0.30695979574719773	0.7628417786633902	1.5158846942536865	0	7110
0.925	-0.38696576528410065	0.5552617326991107	1.3680569609974984	1	609
0.9299999999999999	-0.30695979574719773	0.7671481161352576	1.5013882021531502	0	7164
0.9299999999999999	-0.4714700021107765	0.5575564851494876	1.3680569609974984	1	551
0.935	-0.34787831470584507	0.7718816072843078	1.4723235415842035	0	7241
0.935	-0.2586181819043934	0.5583122200775572	1.3680569609974984	1	497
0.94	-0.34787831470584507	0.7760710122806869	1.507165773147654	0	7232
0.94	-0.2586181819043934	0.560521639246262	1.4350328977612186	1	444
0.9450000000000001	-0.3460643883229868	0.7800332613400273	1.5445111790231785	0	7254
0.9450000000000001	-0.2997633974963563	0.5610936778458927	1.371522666402401	1	416
0.95	-0.3460643883229868	0.7841543930203058	1.6077319771730874	0	7293
0.95	-0.2586181819043934	0.5630682013011772	1.371522666402401	1	379
0.9550000000000001	-0.33996406467612583	0.7881524988218132	1.6077319771730874	0	7343
0.9550000000000001	-0.3310457620749197	0.5655148074501	1.3550516862331219	1	341
0.96	-0.33996406467612583	0.7926224017920876	1.6077319771730874	0	7418
0.96	-0.2586181819043934	0.565114863961118	1.2925396053541789	1	312
0.9650000000000001	-0.33996406467612583	0.7960069213522859	1.6077319771730874	0	7472
0.9650000000000001	-0.2586181819043934	0.5664526211199615	1.340941570168638	1	270
0.97	-0.33996406467612583	0.799366739998496	1.5301961689940347	0	7503
0.97	-0.2586181819043934	0.5705013341593754	1.340941570168638	1	226
0.9750000000000001	-0.33996406467612583	0.8024073156237549	1.5301961689940347	0	7538
0.9750000000000001	-0.2586181819043934	0.5711318154228803	1.219308036199376	1	203
0.98	-0.26854431289525305	0.8060666026090386	1.5457408042445726	0	7481
0.98	-0.2586181819043934	0.5699646334682463	1.3195422538148278	1	182
0.985	-0.26854431289525305	0.8094972541042568	1.5457408042445726	0	7425
0.985	-0.2586181819043934	0.5676051172711815	1.3195422538148278	1	162
0.99	-0.26854431289525305	0.8124416429637111	1.5457408042445726	0	7495
0.99	-0.24671075408546783	0.5651643080542227	1.3195422538148278	1	143
0.995	-0.26854431289525305	0.8155160545436307	1.5457408042445726	0	7529
0.995	-0.23715749809022563	0.567707864327346	1.3195422538148278	1	117
1.0	-0.3028644264441558	0.8191477894682169	1.5457408042445726	0	7521
1.0	-0.19583816086438924	0.5719036705611431	1.3195422538148278	1	95
1.005	-0.2949588834344407	0.8223619895371503	1.5783986290801297	0	7593
1.005	-0.18530970924721196	0.5717937779856239	1.3195422538148278	1	85
1.01	-0.2949588834344407	0.825852443504863	1.5783986290801297	0	7639
1.01	-0.18530970924721196	0.5697569062558235	1.3195422538148278	1	73
1.0150000000000001	-0.2949588834344407	0.8294252860905531	1.5783986290801297	0	7623
1.0150000000000001	-0.18530970924721196	0.5751097386599963	1.3195422538148278	1	67
1.02	-0.2949588834344407	0.8321551705616966	1.5783986290801297	0	7677
1.02	-0.18530970924721196	0.5819885636423525	1.3195422538148278	1	57
1.025	-0.2949588834344407	0.8354239574044224	1.5783986290801297	0	7672
1.025	-0.10399517644282796	0.5755627218126196	1.3195422538148278	1	51
1.03	-0.24086875102260324	0.8375844043093597	1.5830256310141648	0	7696
1.03	-0.10399517644282796	0.5684768227348259	1.2125660164859513	1	48
1.0350000000000001	-0.24086875102260324	0.8403670512384878	1.5783986290801297	0	7627
1.0350000000000001	-0.0856734434701557	0.5835875332742594	1.2125660164859513	1	44
1.04	-0.24086875102260324	0.8437703972823445	1.5783986290801297	0	7618
1.04	-0.0856734434701557	0.5853491457763988	1.2125660164859513	1	38
1.045	-0.24086875102260324	0.8479838136131153	1.5783986290801297	0	7612
1.045	-0.0856734434701557	0.5819356450940198	1.2125660164859513	1	35
1.05	-0.24086875102260324	0.8511544662935275	1.5783986290801297	0	7593
1.05	-0.0856734434701557	0.5921335724995874	1.2125660164859513	1	30
1.0550000000000002	-0.23242797339573362	0.8538430543535088	1.6215691484819692	0	7632
1.0550000000000002	-0.0856734434701557	0.5986203705957103	1.2125660164859513	1	22
1.06	-0.23242797339573362	0.85735214856051	1.6215691484819692	0	7679
1.06	-0.0856734434701557	0.629805825514039	1.2125660164859513	1	15
