#env	min	mean	max	gen_type	agent num
0.5	-0.32603399131532473	0.5006091709239213	1.1600737306789832	0	1782
0.5	-0.12621883609226076	0.5000198454129788	1.2307912291479726	1	1674
0.505	-0.32603399131532473	0.5001962553345314	1.1665895273491311	0	2750
0.505	-0.33985075182784547	0.5001251427336907	1.2524775367313041	1	2583
0.51	-0.33078155870459963	0.5008321313590148	1.2145239428901577	0	3691
0.51	-0.33985075182784547	0.5000103602359406	1.2648190563545856	1	3534
0.515	-0.33078155870459963	0.5008031432853874	1.2145239428901577	0	4376
0.515	-0.33985075182784547	0.500101712542093	1.2648190563545856	1	4247
0.52	-0.3801210463002676	0.5005964753531589	1.26109585324188	0	4074
0.52	-0.33985075182784547	0.5000397508598614	1.2648190563545856	1	4020
0.525	-0.3801210463002676	0.5004544075603995	1.26109585324188	0	4077
0.525	-0.33985075182784547	0.499628264623038	1.3847175141984656	1	4056
0.53	-0.3801210463002676	0.5003055407955833	1.26109585324188	0	3959
0.53	-0.23881888114017785	0.49995458951216304	1.3847175141984656	1	3953
0.535	-0.3801210463002676	0.5009044025351892	1.253134372495799	0	3860
0.535	-0.24315714691129942	0.4997481618434488	1.3847175141984656	1	3850
0.54	-0.3801210463002676	0.5021406725444187	1.253134372495799	0	3987
0.54	-0.330570472428066	0.49990323854813307	1.4101813166641308	1	3929
0.545	-0.3824672692096033	0.5024879866740465	1.2623720717557307	0	4017
0.545	-0.330570472428066	0.49965752663512486	1.4101813166641308	1	3999
0.55	-0.3824672692096033	0.5032758937285133	1.2778791945436234	0	4039
0.55	-0.330570472428066	0.4999004389736157	1.2805321060280688	1	3964
0.555	-0.3824672692096033	0.5030557431440189	1.2778791945436234	0	3983
0.555	-0.330570472428066	0.49991788635210077	1.2805321060280688	1	3932
0.56	-0.3824672692096033	0.504159656509271	1.2623720717557307	0	4013
0.56	-0.330570472428066	0.500726497716529	1.2648190563545856	1	3886
0.565	-0.3801210463002676	0.5039142785123728	1.2623720717557307	0	4010
0.565	-0.330570472428066	0.5006633987935112	1.3284231276388005	1	3884
0.5700000000000001	-0.3801210463002676	0.5065696422465328	1.3799350711516	0	4062
0.5700000000000001	-0.330570472428066	0.5008196600200041	1.3284231276388005	1	3868
0.575	-0.3801210463002676	0.506389580791983	1.3799350711516	0	4070
0.575	-0.330570472428066	0.5016744694795675	1.3284231276388005	1	3917
0.58	-0.41966802498736283	0.5083264514124858	1.3860489054823262	0	4125
0.58	-0.330570472428066	0.5018483198293571	1.3438948367759393	1	3885
0.585	-0.462902971974399	0.5095625594036799	1.3799350711516	0	4096
0.585	-0.330570472428066	0.5015580864947606	1.3438948367759393	1	3829
0.59	-0.41966802498736283	0.5102385153534162	1.4355457445611057	0	4085
0.59	-0.330570472428066	0.5018409393773042	1.3438948367759393	1	3829
0.595	-0.41966802498736283	0.5105968884338017	1.3799350711516	0	4101
0.595	-0.38933606842755364	0.5021851547142082	1.3438948367759393	1	3817
0.6	-0.41966802498736283	0.5121782891294183	1.3799350711516	0	4127
0.6	-0.38933606842755364	0.5021392249606554	1.3438948367759393	1	3841
0.605	-0.41966802498736283	0.513626413477502	1.3799350711516	0	4091
0.605	-0.38933606842755364	0.5025682214487079	1.4596140065179215	1	3859
0.61	-0.41966802498736283	0.5139762922022071	1.3726723692213656	0	4054
0.61	-0.330570472428066	0.5029456521962363	1.4596140065179215	1	3887
0.615	-0.41966802498736283	0.5165596496307621	1.3186622264314491	0	4008
0.615	-0.3756843531135674	0.503374450176529	1.3438948367759393	1	3825
0.62	-0.38398447671007496	0.5182282438065173	1.3044841100869464	0	4002
0.62	-0.3756843531135674	0.5043899990790229	1.3438948367759393	1	3827
0.625	-0.34083757764476613	0.5193156771252202	1.3029667276596115	0	4036
0.625	-0.4694917666859001	0.504641764286342	1.3438948367759393	1	3851
0.63	-0.34083757764476613	0.5229168511071207	1.3029667276596115	0	4014
0.63	-0.4694917666859001	0.5045115964241098	1.3438948367759393	1	3872
0.635	-0.34083757764476613	0.525415279294639	1.3392139867340236	0	3982
0.635	-0.4694917666859001	0.5045916103768617	1.3438948367759393	1	3862
0.64	-0.34083757764476613	0.5270713036893475	1.3392139867340236	0	3976
0.64	-0.4694917666859001	0.5047422994232275	1.2809212701473363	1	3928
0.645	-0.2997401857649108	0.5312434488611941	1.3029667276596115	0	3837
0.645	-0.4694917666859001	0.5047135578361867	1.2824697774922682	1	3918
0.65	-0.2997401857649108	0.5350821273627769	1.3029667276596115	0	3875
0.65	-0.4694917666859001	0.504772938748533	1.4552521386683803	1	3930
0.655	-0.5215920416788088	0.5369569218497251	1.311427865555734	0	3879
0.655	-0.3600264704068139	0.5053346103063943	1.4552521386683803	1	3980
0.66	-0.5215920416788088	0.5408133394785735	1.3766366335242324	0	3834
0.66	-0.5431457011439133	0.5060794712225739	1.4552521386683803	1	3987
0.665	-0.5215920416788088	0.5445643976034462	1.3766366335242324	0	3848
0.665	-0.5431457011439133	0.5067115752380703	1.4552521386683803	1	3978
0.67	-0.5215920416788088	0.5475496582492371	1.3766366335242324	0	3876
0.67	-0.5431457011439133	0.507042957111347	1.4552521386683803	1	4018
0.675	-0.5215920416788088	0.55166022449079	1.3766366335242324	0	3815
0.675	-0.3531621723801923	0.5077432856004764	1.4226547096611393	1	4026
0.6799999999999999	-0.5215920416788088	0.554679493482464	1.4027062148738874	0	3811
0.6799999999999999	-0.330570472428066	0.5081846011510869	1.4226547096611393	1	4022
0.685	-0.38314267245997835	0.5591352840342516	1.4027062148738874	0	3790
0.685	-0.330570472428066	0.5090165038475984	1.4226547096611393	1	4058
0.69	-0.38314267245997835	0.5605772847490919	1.4027062148738874	0	3806
0.69	-0.36751090262809233	0.5097802166594185	1.4226547096611393	1	4016
0.6950000000000001	-0.38314267245997835	0.5632723366907809	1.3709381893229642	0	3827
0.6950000000000001	-0.41375760334721073	0.5111259342902598	1.4226547096611393	1	3954
0.7	-0.38314267245997835	0.5671634232366454	1.3943839537768385	0	3806
0.7	-0.43356865810696793	0.5114427097773684	1.4226547096611393	1	3970
0.7050000000000001	-0.38314267245997835	0.5717153238401551	1.3943839537768385	0	3842
0.7050000000000001	-0.43356865810696793	0.5121230717895768	1.4226547096611393	1	3939
0.71	-0.38314267245997835	0.5734581556811448	1.3943839537768385	0	3851
0.71	-0.43356865810696793	0.5121775441515762	1.4226547096611393	1	3877
0.715	-0.38314267245997835	0.577036752716487	1.433881329372324	0	3829
0.715	-0.43356865810696793	0.5127141315106163	1.4226547096611393	1	3863
0.72	-0.38314267245997835	0.5807667097540862	1.433881329372324	0	3860
0.72	-0.43356865810696793	0.5129804766737202	1.4226547096611393	1	3857
0.725	-0.4322940169282381	0.5838162057156836	1.433881329372324	0	3913
0.725	-0.43356865810696793	0.5149831808728333	1.4226547096611393	1	3792
0.73	-0.46580895781642395	0.5880082325570286	1.433881329372324	0	3933
0.73	-0.43356865810696793	0.5156485298050429	1.4226547096611393	1	3753
0.735	-0.38314267245997835	0.5924335578802117	1.388853845077716	0	3974
0.735	-0.43356865810696793	0.5166762845335254	1.4226547096611393	1	3766
0.74	-0.38314267245997835	0.5976604549152867	1.381311055562255	0	4007
0.74	-0.43356865810696793	0.5181171363697782	1.4555339828247986	1	3751
0.745	-0.3950599811477016	0.6017663106805953	1.361660139852668	0	4020
0.745	-0.43356865810696793	0.5201572353002224	1.4226547096611393	1	3707
0.75	-0.38314267245997835	0.6061082606942392	1.355799752082571	0	4012
0.75	-0.43356865810696793	0.520986112280709	1.4226547096611393	1	3711
0.755	-0.38314267245997835	0.6120629406037927	1.355799752082571	0	3984
0.755	-0.43356865810696793	0.522544106624765	1.4226547096611393	1	3654
0.76	-0.3013126471766474	0.6175664301111623	1.3875467736078226	0	4029
0.76	-0.4590996306263562	0.5241528068515987	1.4248637598622558	1	3650
0.765	-0.3013126471766474	0.6230856435432736	1.3875467736078226	0	4035
0.765	-0.48650971758340644	0.5254599754010755	1.507331162429972	1	3641
0.77	-0.34417772403044855	0.6279611205117316	1.4137998526941524	0	4073
0.77	-0.48650971758340644	0.5261420436938307	1.507331162429972	1	3607
0.775	-0.34417772403044855	0.6310325220206784	1.4140986238792623	0	4131
0.775	-0.48650971758340644	0.5269042218071591	1.507331162429972	1	3569
0.78	-0.34417772403044855	0.6362263906549657	1.4706521536671904	0	4157
0.78	-0.48650971758340644	0.5277016079459683	1.507331162429972	1	3497
0.785	-0.31371284715575076	0.6421667608354815	1.4285779211253695	0	4223
0.785	-0.48650971758340644	0.5290735281949197	1.507331162429972	1	3415
0.79	-0.31371284715575076	0.6465634428067537	1.4285779211253695	0	4336
0.79	-0.48650971758340644	0.5296282203940575	1.507331162429972	1	3363
0.7949999999999999	-0.3538108375795325	0.6513048043030436	1.4285779211253695	0	4392
0.7949999999999999	-0.48650971758340644	0.5305935334727522	1.4022187327138296	1	3304
0.8	-0.3538108375795325	0.6563493533242766	1.4285779211253695	0	4499
0.8	-0.41144965819581725	0.5321885747793146	1.4022187327138296	1	3228
0.8049999999999999	-0.31371284715575076	0.6600900681567243	1.4386011170273159	0	4575
0.8049999999999999	-0.41144965819581725	0.5334601429757244	1.6039400085840707	1	3149
0.81	-0.31371284715575076	0.6635539920503787	1.4386011170273159	0	4636
0.81	-0.41144965819581725	0.5347621686900298	1.6039400085840707	1	3023
0.815	-0.34776704599816	0.6673896162768028	1.4386011170273159	0	4713
0.815	-0.35080478512645796	0.53719119948973	1.6039400085840707	1	2902
0.8200000000000001	-0.34776704599816	0.672510353944381	1.4386011170273159	0	4805
0.8200000000000001	-0.33152936124974247	0.5383209161924994	1.6039400085840707	1	2794
0.825	-0.34776704599816	0.675559629325035	1.4386011170273159	0	4860
0.825	-0.3162882234315271	0.539795094575224	1.6039400085840707	1	2659
0.8300000000000001	-0.34776704599816	0.6799153188314436	1.4386011170273159	0	5009
0.8300000000000001	-0.3162882234315271	0.5410906612575458	1.6039400085840707	1	2628
0.835	-0.34776704599816	0.6835991108593239	1.4285779211253695	0	5138
0.835	-0.33440154423967167	0.5428420559318323	1.6039400085840707	1	2530
0.8400000000000001	-0.34776704599816	0.6881632905526905	1.530042604191233	0	5202
0.8400000000000001	-0.3387269664393636	0.5438342133222877	1.6039400085840707	1	2399
0.845	-0.29402356164996546	0.6919261452325555	1.530042604191233	0	5352
0.845	-0.2642061674359607	0.5451505953767075	1.4749259017297818	1	2286
0.8500000000000001	-0.31075003098016774	0.6967720904551844	1.4285779211253695	0	5553
0.8500000000000001	-0.26124505218520544	0.5471365198484491	1.4749259017297818	1	2211
0.855	-0.33380628727150957	0.701216076068102	1.5257159007664893	0	5640
0.855	-0.26124505218520544	0.5484695023114494	1.4749259017297818	1	2051
0.86	-0.33380628727150957	0.7052683203718576	1.5265807209842246	0	5722
0.86	-0.36678245858399294	0.5497543964689333	1.4749259017297818	1	1922
0.865	-0.33380628727150957	0.7086074974248634	1.5265807209842246	0	5874
0.865	-0.36678245858399294	0.5499045336738717	1.3769831300130848	1	1808
0.87	-0.33163621328948945	0.7132380847166633	1.5265807209842246	0	5985
0.87	-0.36678245858399294	0.5506262075068992	1.3769831300130848	1	1710
0.875	-0.33163621328948945	0.7175367356820102	1.5265807209842246	0	5984
0.875	-0.36678245858399294	0.5512737739348306	1.3769831300130848	1	1623
0.88	-0.33163621328948945	0.7209887441982001	1.5265807209842246	0	6075
0.88	-0.36678245858399294	0.5520961709221813	1.3769831300130848	1	1511
0.885	-0.33163621328948945	0.7250028187878786	1.5265807209842246	0	6218
0.885	-0.36678245858399294	0.5534501721644793	1.3769831300130848	1	1432
0.89	-0.33163621328948945	0.7295185179438394	1.5265807209842246	0	6316
0.89	-0.3235658142345449	0.5552837071715185	1.3769831300130848	1	1387
0.895	-0.33163621328948945	0.7337473519412382	1.5265807209842246	0	6379
0.895	-0.3235658142345449	0.5561152224301786	1.3769831300130848	1	1281
0.9	-0.3875282106815261	0.7397694949695967	1.5265807209842246	0	6451
0.9	-0.3235658142345449	0.5564836688008096	1.3769831300130848	1	1180
0.905	-0.3875282106815261	0.7437880393745246	1.5265807209842246	0	6517
0.905	-0.3235658142345449	0.5590280494984454	1.3769831300130848	1	1119
0.91	-0.3875282106815261	0.7483687362883186	1.5468466805628114	0	6602
0.91	-0.3235658142345449	0.5605730163364955	1.3769831300130848	1	1019
0.915	-0.3875282106815261	0.7525720567015294	1.5468466805628114	0	6700
0.915	-0.3235658142345449	0.5630859906863138	1.3769831300130848	1	905
0.9199999999999999	-0.3875282106815261	0.7568146343128093	1.5468466805628114	0	6812
0.9199999999999999	-0.3235658142345449	0.5635012220157963	1.3769831300130848	1	863
0.925	-0.3875282106815261	0.7608981881093301	1.5468466805628114	0	6860
0.925	-0.3235658142345449	0.5648193099156389	1.3598225300047493	1	795
0.9299999999999999	-0.3875282106815261	0.7654773312454125	1.5265807209842246	0	7019
0.9299999999999999	-0.3235658142345449	0.5655727220946877	1.4603716774051791	1	747
0.935	-0.33268483830566997	0.7707223675971898	1.5265807209842246	0	7054
0.935	-0.3235658142345449	0.567316368396476	1.4603716774051791	1	660
0.94	-0.33268483830566997	0.7756777357315989	1.5265807209842246	0	7068
0.94	-0.3235658142345449	0.5697850591718352	1.3654063343597973	1	584
0.9450000000000001	-0.33268483830566997	0.7809167323297055	1.5265807209842246	0	7134
0.9450000000000001	-0.4254027593970657	0.5730901026277532	1.3654063343597973	1	520
0.95	-0.33268483830566997	0.7857581666482306	1.4650213041547053	0	7197
0.95	-0.4254027593970657	0.5730655350014273	1.3654063343597973	1	451
0.9550000000000001	-0.33268483830566997	0.7885766526069297	1.4650213041547053	0	7275
0.9550000000000001	-0.3235658142345449	0.5761848676388743	1.4769856985084604	1	404
0.96	-0.27259024787438335	0.792476239098133	1.4650213041547053	0	7352
0.96	-0.4436375610890897	0.5775739406606816	1.4769856985084604	1	349
0.9650000000000001	-0.27259024787438335	0.7965134804545204	1.467665823916612	0	7411
0.9650000000000001	-0.4436375610890897	0.5793893291608821	1.4769856985084604	1	321
0.97	-0.2655943481595259	0.8014361757465301	1.467665823916612	0	7404
0.97	-0.47588277563146786	0.5795141329002004	1.4769856985084604	1	289
0.9750000000000001	-0.29756726359684826	0.8051735091115397	1.467665823916612	0	7476
0.9750000000000001	-0.47588277563146786	0.5810003930262091	1.3654063343597973	1	248
0.98	-0.2641385217910547	0.8095665625960327	1.467665823916612	0	7462
0.98	-0.47588277563146786	0.5840363683787527	1.3654063343597973	1	219
0.985	-0.25625735027371604	0.813567693266451	1.5024490660410466	0	7470
0.985	-0.47588277563146786	0.5905732412743867	1.3654063343597973	1	197
0.99	-0.25625735027371604	0.8170789248150325	1.5024490660410466	0	7572
0.99	-0.47588277563146786	0.5944379405707421	1.3654063343597973	1	170
0.995	-0.25625735027371604	0.8206535546874866	1.5024490660410466	0	7553
0.995	-0.47588277563146786	0.595414756625685	1.3404694703242688	1	153
1.0	-0.23604296234961544	0.8253633271552454	1.5024490660410466	0	7519
1.0	-0.47588277563146786	0.5978265164921094	1.3404694703242688	1	140
1.005	-0.27320653938100503	0.830046001297876	1.5024490660410466	0	7573
1.005	-0.47588277563146786	0.5948618971952	1.3025643085426215	1	124
1.01	-0.27320653938100503	0.833763785359411	1.6171684821921037	0	7617
1.01	-0.47588277563146786	0.5952451668705004	1.2927773486093261	1	105
1.0150000000000001	-0.27320653938100503	0.836949752203312	1.5604424479777634	0	7621
1.0150000000000001	-0.47588277563146786	0.5989607174211932	1.2927773486093261	1	92
1.02	-0.27320653938100503	0.8407833851908741	1.5604424479777634	0	7731
1.02	-0.2542300078767517	0.6037879922989309	1.2927773486093261	1	77
1.025	-0.27320653938100503	0.8445117536732372	1.5604424479777634	0	7671
1.025	-0.2542300078767517	0.6041800315751966	1.2927773486093261	1	60
1.03	-0.21327722893497814	0.8476447885093965	1.5604424479777634	0	7677
1.03	-0.1686826305796489	0.6065932503692136	1.2927773486093261	1	44
1.0350000000000001	-0.15731067563993495	0.8513286934503935	1.4942549719674174	0	7685
1.0350000000000001	-0.1686826305796489	0.6136258371768695	1.2927773486093261	1	38
1.04	-0.15731067563993495	0.8555901733281244	1.5077313824983336	0	7705
1.04	-0.16124576603210583	0.6193443291669426	1.2927773486093261	1	31
1.045	-0.15731067563993495	0.8599688171188967	1.5077313824983336	0	7649
1.045	-0.16124576603210583	0.6481492115594102	1.2927773486093261	1	27
1.05	-0.19346965037527242	0.8628772919421086	1.5065173739574416	0	7689
1.05	-0.13004769941842226	0.6406791993242079	1.2927773486093261	1	24
1.0550000000000002	-0.19346965037527242	0.8670448319819993	1.5548001809661864	0	7693
1.0550000000000002	-0.13004769941842226	0.6417614741753329	1.2927773486093261	1	19
1.06	-0.19346965037527242	0.8703484723335632	1.5548001809661864	0	7760
1.06	-0.10143059588351108	0.6609088504954304	1.2847236214128452	1	18
