#env	min	mean	max	gen_type	agent num
0.5	-0.2378213776117895	0.5000125452191326	1.14076105976238	0	1800
0.5	-0.21072785977499447	0.49808373091636815	1.1569012679986885	1	1673
0.505	-0.2378213776117895	0.499863161367813	1.1714323499079824	0	2777
0.505	-0.21072785977499447	0.4979354603396298	1.1948633623990021	1	2625
0.51	-0.2556361114537211	0.5001613910339413	1.2393643810308095	0	3742
0.51	-0.24025616434617159	0.498161158650857	1.204557006065662	1	3564
0.515	-0.2681663815451047	0.5015403407067552	1.2393643810308095	0	4401
0.515	-0.24025616434617159	0.49796492506141615	1.2338341219182634	1	4276
0.52	-0.2378213776117895	0.5020542480850755	1.2321958405007236	0	4107
0.52	-0.22332629496852477	0.4978300234337789	1.2454083481204643	1	4015
0.525	-0.28081306239438225	0.5029943636642458	1.2361108036114827	0	4136
0.525	-0.22332629496852477	0.4984085853610124	1.2622950373688049	1	4035
0.53	-0.28081306239438225	0.5041585515811645	1.2361108036114827	0	3969
0.53	-0.22332629496852477	0.49843186994177474	1.313342742538739	1	3859
0.535	-0.2378213776117895	0.5050979981199807	1.3939186441237938	0	3883
0.535	-0.2681915911109325	0.4985638924705732	1.313342742538739	1	3812
0.54	-0.23787486848515282	0.504355294776357	1.3939186441237938	0	4030
0.54	-0.2681915911109325	0.4985767101319968	1.345955474463509	1	3965
0.545	-0.3533799239322943	0.5053992135767964	1.3939186441237938	0	4052
0.545	-0.24666373697411653	0.498703073770228	1.34488671347348	1	4009
0.55	-0.3533799239322943	0.5067407681845147	1.3939186441237938	0	3987
0.55	-0.29975502433341666	0.4985619597523631	1.34488671347348	1	4040
0.555	-0.3533799239322943	0.5084139840183166	1.3939186441237938	0	3939
0.555	-0.39449034500803554	0.49854394521759504	1.258381491471735	1	4075
0.56	-0.3533799239322943	0.5092891408822874	1.3939186441237938	0	3847
0.56	-0.39449034500803554	0.49869172331474615	1.258381491471735	1	4018
0.565	-0.3533799239322943	0.5109509900276047	1.3939186441237938	0	3857
0.565	-0.39449034500803554	0.4989467845206012	1.337122561550697	1	4032
0.5700000000000001	-0.2877263181398742	0.511262025031206	1.4256032638900944	0	3867
0.5700000000000001	-0.4333082350912264	0.49900918157050883	1.337122561550697	1	4087
0.575	-0.2877263181398742	0.5119423765121506	1.4256032638900944	0	3878
0.575	-0.4333082350912264	0.49955927119333404	1.337122561550697	1	4121
0.58	-0.2877263181398742	0.5116568647861274	1.4256032638900944	0	3912
0.58	-0.4333082350912264	0.5001492218604291	1.337122561550697	1	4119
0.585	-0.32058568515775965	0.5133097296236251	1.4256032638900944	0	3899
0.585	-0.4333082350912264	0.5005346678023797	1.337122561550697	1	4077
0.59	-0.32058568515775965	0.5127738657295303	1.4256032638900944	0	3834
0.59	-0.4333082350912264	0.5005464591267638	1.337122561550697	1	4066
0.595	-0.26110738001668915	0.5154577718296487	1.4256032638900944	0	3825
0.595	-0.4333082350912264	0.5006125452122169	1.337122561550697	1	4073
0.6	-0.26110738001668915	0.515902914419183	1.4256032638900944	0	3817
0.6	-0.4333082350912264	0.5004443303553566	1.337122561550697	1	4137
0.605	-0.24670030120987224	0.5189612981736262	1.4256032638900944	0	3760
0.605	-0.34607211402658244	0.5007485437574681	1.341354345996981	1	4148
0.61	-0.24670030120987224	0.518658207782345	1.4256032638900944	0	3737
0.61	-0.28055247409090134	0.5007902577367264	1.341354345996981	1	4146
0.615	-0.32932407857568113	0.5202908386494508	1.4256032638900944	0	3724
0.615	-0.28055247409090134	0.5015188133026935	1.337122561550697	1	4107
0.62	-0.31354266223736255	0.5228215978204996	1.4256032638900944	0	3739
0.62	-0.3219643017091825	0.5023708450690959	1.337122561550697	1	4172
0.625	-0.31354266223736255	0.5255324420510457	1.3191336319484168	0	3708
0.625	-0.4485170216848404	0.5027201882675152	1.337122561550697	1	4161
0.63	-0.31354266223736255	0.5270614352896044	1.3191336319484168	0	3729
0.63	-0.4907966987232766	0.50331923279906	1.337122561550697	1	4201
0.635	-0.31354266223736255	0.5312506035759935	1.436798420075068	0	3728
0.635	-0.3219643017091825	0.5037373690530185	1.337122561550697	1	4249
0.64	-0.38802364842845255	0.5337995484763979	1.436798420075068	0	3716
0.64	-0.34689532016560687	0.5036286999527329	1.337122561550697	1	4283
0.645	-0.38802364842845255	0.5355073227809412	1.436798420075068	0	3664
0.645	-0.3219643017091825	0.5046103191737447	1.337122561550697	1	4232
0.65	-0.38802364842845255	0.5393044640194105	1.3407455382678992	0	3682
0.65	-0.35249188418766336	0.5051886620108784	1.337122561550697	1	4224
0.655	-0.38802364842845255	0.5417850524570536	1.3407455382678992	0	3700
0.655	-0.35249188418766336	0.5057728629284945	1.337122561550697	1	4176
0.66	-0.36679562573073415	0.5456757168874687	1.3407455382678992	0	3681
0.66	-0.35249188418766336	0.5063659686458789	1.337122561550697	1	4149
0.665	-0.39886532970863164	0.5502913907650916	1.3407455382678992	0	3652
0.665	-0.35249188418766336	0.5064733399382141	1.3525263109323984	1	4165
0.67	-0.39886532970863164	0.5536879582751588	1.3492708383327572	0	3705
0.67	-0.35249188418766336	0.5064890621307063	1.3525263109323984	1	4119
0.675	-0.39886532970863164	0.5546006633937708	1.3492708383327572	0	3720
0.675	-0.35249188418766336	0.5074970174990856	1.4373166113917326	1	4095
0.6799999999999999	-0.39886532970863164	0.5584454588689366	1.3492708383327572	0	3722
0.6799999999999999	-0.35249188418766336	0.507612293686204	1.4373166113917326	1	4116
0.685	-0.39886532970863164	0.5620703425775764	1.2622262511186468	0	3708
0.685	-0.35249188418766336	0.5082480039840988	1.4373166113917326	1	4072
0.69	-0.39886532970863164	0.5657309480919733	1.2622262511186468	0	3767
0.69	-0.4092780374643337	0.5092585180061612	1.4373166113917326	1	4034
0.6950000000000001	-0.39886532970863164	0.5696111226250538	1.3406630378791553	0	3755
0.6950000000000001	-0.4092780374643337	0.5102439381061805	1.4373166113917326	1	4004
0.7	-0.39886532970863164	0.5758748705706651	1.3406630378791553	0	3795
0.7	-0.4092780374643337	0.5100653278151133	1.4373166113917326	1	4021
0.7050000000000001	-0.39886532970863164	0.5804562310954715	1.3858722961058005	0	3781
0.7050000000000001	-0.4092780374643337	0.5109510403425127	1.4373166113917326	1	3963
0.71	-0.37347132464267824	0.5837116930000847	1.3858722961058005	0	3807
0.71	-0.4092780374643337	0.5113023775677946	1.3503568608607217	1	3972
0.715	-0.35885770629297464	0.5863703673724452	1.4100331144681935	0	3787
0.715	-0.4092780374643337	0.5117537740003547	1.3503568608607217	1	3939
0.72	-0.35885770629297464	0.5892862569784095	1.4419283660352102	0	3792
0.72	-0.4092780374643337	0.5120037049297134	1.2948864161124332	1	3979
0.725	-0.35885770629297464	0.5915256721497272	1.4419283660352102	0	3798
0.725	-0.4092780374643337	0.5130412075680861	1.3749865607216578	1	3931
0.73	-0.35885770629297464	0.5930170867775237	1.4419283660352102	0	3840
0.73	-0.4092780374643337	0.5127379491531088	1.3749865607216578	1	3946
0.735	-0.3282027335271961	0.5966016919750791	1.3858722961058005	0	3876
0.735	-0.4092780374643337	0.51372369626451	1.4696891333974953	1	3896
0.74	-0.3282027335271961	0.5988723665723445	1.4131447852132366	0	3938
0.74	-0.3590630353748509	0.5148329488001089	1.4696891333974953	1	3827
0.745	-0.3282027335271961	0.6023737061710894	1.4131447852132366	0	3983
0.745	-0.3590630353748509	0.5153970690564641	1.4696891333974953	1	3781
0.75	-0.35498397021911987	0.6065923222997563	1.4131447852132366	0	4037
0.75	-0.3590630353748509	0.516206625823967	1.4696891333974953	1	3713
0.755	-0.3815278795326697	0.612246629609732	1.4131447852132366	0	4064
0.755	-0.3590630353748509	0.5175285776651416	1.4696891333974953	1	3646
0.76	-0.3815278795326697	0.6172962177508703	1.3789589735845715	0	4120
0.76	-0.3590630353748509	0.518012053842621	1.4696891333974953	1	3564
0.765	-0.6195624511453224	0.6211698436861357	1.352578635823462	0	4188
0.765	-0.3590630353748509	0.5186019381227511	1.4696891333974953	1	3474
0.77	-0.6195624511453224	0.6267207332593016	1.3299169701185813	0	4225
0.77	-0.3590630353748509	0.5192421853312341	1.4696891333974953	1	3393
0.775	-0.6195624511453224	0.6324820166971474	1.5210246634799818	0	4311
0.775	-0.3590630353748509	0.5195903538765657	1.4696891333974953	1	3321
0.78	-0.6195624511453224	0.6377790495510388	1.5210246634799818	0	4357
0.78	-0.3590630353748509	0.5202907846805253	1.4696891333974953	1	3298
0.785	-0.6195624511453224	0.6418382050722967	1.5210246634799818	0	4444
0.785	-0.3590630353748509	0.5207398993750713	1.4696891333974953	1	3221
0.79	-0.6195624511453224	0.6471645927138728	1.5210246634799818	0	4517
0.79	-0.3703071263899047	0.5214342020165043	1.4696891333974953	1	3127
0.7949999999999999	-0.6195624511453224	0.6512339070848473	1.5210246634799818	0	4613
0.7949999999999999	-0.3703071263899047	0.522753463785425	1.4696891333974953	1	3046
0.8	-0.6641825328066027	0.6545028139589252	1.5741691342559792	0	4679
0.8	-0.3703071263899047	0.5234688961383168	1.4696891333974953	1	3009
0.8049999999999999	-0.6641825328066027	0.659647138144491	1.5741691342559792	0	4728
0.8049999999999999	-0.3703071263899047	0.5243735591599519	1.4696891333974953	1	2908
0.81	-0.6195624511453224	0.6651098755212277	1.5741691342559792	0	4772
0.81	-0.3703071263899047	0.5250923470394643	1.4696891333974953	1	2851
0.815	-0.6195624511453224	0.6695833545179528	1.5741691342559792	0	4857
0.815	-0.3703071263899047	0.5250222177367722	1.4696891333974953	1	2777
0.8200000000000001	-0.6195624511453224	0.6745357123117829	1.5741691342559792	0	4914
0.8200000000000001	-0.3703071263899047	0.5259885733338335	1.4696891333974953	1	2673
0.825	-0.6195624511453224	0.6779385150522372	1.5741691342559792	0	5025
0.825	-0.3703071263899047	0.527023749889482	1.4696891333974953	1	2561
0.8300000000000001	-0.7343693945534505	0.6805549385332835	1.5741691342559792	0	5098
0.8300000000000001	-0.36155104278386097	0.528346889081142	1.608576243565933	1	2496
0.835	-0.7343693945534505	0.6869639190486752	1.5109408013967867	0	5191
0.835	-0.3399376073755853	0.5297965114082839	1.608576243565933	1	2414
0.8400000000000001	-0.7343693945534505	0.6918864436827877	1.5109408013967867	0	5322
0.8400000000000001	-0.3399376073755853	0.5304790842344835	1.608576243565933	1	2331
0.845	-0.7343693945534505	0.6957206740822454	1.5127827203460757	0	5443
0.845	-0.3399376073755853	0.5316293194550088	1.608576243565933	1	2215
0.8500000000000001	-0.6973010226043519	0.70105163097288	1.5127827203460757	0	5549
0.8500000000000001	-0.3503998273578032	0.5324794802850729	1.4696891333974953	1	2125
0.855	-0.6973010226043519	0.7056732778171504	1.5480593445475592	0	5651
0.855	-0.3399376073755853	0.5326057852599507	1.4696891333974953	1	1980
0.86	-0.6973010226043519	0.709883499123908	1.5480593445475592	0	5788
0.86	-0.3399376073755853	0.5330506073675063	1.4696891333974953	1	1862
0.865	-0.6973010226043519	0.7146006607629831	1.5480593445475592	0	5858
0.865	-0.3399376073755853	0.5334851122296457	1.4696891333974953	1	1763
0.87	-0.6973010226043519	0.7193939716630634	1.5480593445475592	0	5981
0.87	-0.340932020939106	0.5341070584979506	1.4696891333974953	1	1620
0.875	-0.6195624511453224	0.7232855351697929	1.5480593445475592	0	6118
0.875	-0.3399376073755853	0.535238010950805	1.4696891333974953	1	1518
0.88	-0.6195624511453224	0.7276353759607629	1.5480593445475592	0	6263
0.88	-0.3399376073755853	0.537105987461948	1.5496886421476515	1	1395
0.885	-0.6195624511453224	0.7317446645388532	1.6847801814247572	0	6339
0.885	-0.3399376073755853	0.5364127454470399	1.4696891333974953	1	1293
0.89	-0.6195624511453224	0.7359662935680108	1.595303015642285	0	6450
0.89	-0.32648066736624637	0.5383728675421993	1.4696891333974953	1	1236
0.895	-0.6195624511453224	0.7399973206590573	1.595303015642285	0	6550
0.895	-0.32648066736624637	0.5391453172927024	1.4696891333974953	1	1123
0.9	-0.6195624511453224	0.7454137855498207	1.595303015642285	0	6571
0.9	-0.32648066736624637	0.5383108779962338	1.4696891333974953	1	1014
0.905	-0.35498397021911987	0.7512605828798316	1.595303015642285	0	6728
0.905	-0.32648066736624637	0.5412879606093106	1.4696891333974953	1	917
0.91	-0.35498397021911987	0.7548490923406728	1.595303015642285	0	6806
0.91	-0.32648066736624637	0.5417074250860907	1.4696891333974953	1	834
0.915	-0.37789510252758407	0.75813324122513	1.595303015642285	0	6864
0.915	-0.32648066736624637	0.5425421952850641	1.4696891333974953	1	747
0.9199999999999999	-0.37789510252758407	0.7623663310433416	1.595303015642285	0	7018
0.9199999999999999	-0.32648066736624637	0.542538920641906	1.4696891333974953	1	662
0.925	-0.37235526202265623	0.7668632874515252	1.6008688322142373	0	7070
0.925	-0.32648066736624637	0.5442649188321956	1.4696891333974953	1	586
0.9299999999999999	-0.4768395939947151	0.7694436106797844	1.6008688322142373	0	7154
0.9299999999999999	-0.32648066736624637	0.5450375838686643	1.4696891333974953	1	519
0.935	-0.4768395939947151	0.7723921089325468	1.6713888557653616	0	7280
0.935	-0.32648066736624637	0.5459601959545847	1.4696891333974953	1	465
0.94	-0.4768395939947151	0.7773106111078445	1.6713888557653616	0	7311
0.94	-0.32648066736624637	0.5441805987681034	1.4696891333974953	1	397
0.9450000000000001	-0.4768395939947151	0.7808986491201039	1.6713888557653616	0	7406
0.9450000000000001	-0.32648066736624637	0.542427171167679	1.5278461102607341	1	348
0.95	-0.4768395939947151	0.7843102887922664	1.5127827203460757	0	7451
0.95	-0.32648066736624637	0.5429268414668686	1.4696891333974953	1	306
0.9550000000000001	-0.37235526202265623	0.7890282750208379	1.5105595533652465	0	7420
0.9550000000000001	-0.32648066736624637	0.5411754945916901	1.4696891333974953	1	287
0.96	-0.37235526202265623	0.7929774364890334	1.5105595533652465	0	7447
0.96	-0.32648066736624637	0.5418645864034294	1.4696891333974953	1	258
0.9650000000000001	-0.43915971195911846	0.7970500570769455	1.5105595533652465	0	7541
0.9650000000000001	-0.32648066736624637	0.5423880148878627	1.4696891333974953	1	238
0.97	-0.5923816027664551	0.8001603390890173	1.5105595533652465	0	7499
0.97	-0.32648066736624637	0.5451017801111593	1.4696891333974953	1	202
0.9750000000000001	-0.5923816027664551	0.8038247208760224	1.5007729696268912	0	7594
0.9750000000000001	-0.32648066736624637	0.5426744971714528	1.4696891333974953	1	181
0.98	-0.37235526202265623	0.809561576664666	1.5007729696268912	0	7542
0.98	-0.32648066736624637	0.5449978268690223	1.4696891333974953	1	159
0.985	-0.37235526202265623	0.8140224937185244	1.602264718068672	0	7599
0.985	-0.32648066736624637	0.5438619611859149	1.4696891333974953	1	147
0.99	-0.35498397021911987	0.8175349888187774	1.602264718068672	0	7685
0.99	-0.32648066736624637	0.5409954081419386	1.4696891333974953	1	116
0.995	-0.35748409426771033	0.8229217905105927	1.486088369483588	0	7701
0.995	-0.32648066736624637	0.5438856852676811	1.344612793091649	1	96
1.0	-0.35748409426771033	0.8269571380740054	1.486088369483588	0	7688
1.0	-0.32648066736624637	0.5427994265997004	1.344612793091649	1	79
1.005	-0.35498397021911987	0.8298458283187032	1.486088369483588	0	7721
1.005	-0.32648066736624637	0.5472958858317081	1.344612793091649	1	65
1.01	-0.272299265445021	0.8331141807000464	1.486088369483588	0	7733
1.01	-0.30350890190920055	0.5483350472367766	1.344612793091649	1	47
1.0150000000000001	-0.272299265445021	0.8369720328096603	1.486088369483588	0	7689
1.0150000000000001	-0.30350890190920055	0.5575473871256592	1.344612793091649	1	45
1.02	-0.3025693841291469	0.8397550965262486	1.486088369483588	0	7739
1.02	-0.30350890190920055	0.566263089832483	1.344612793091649	1	40
1.025	-0.3025693841291469	0.8430376234876744	1.486088369483588	0	7702
1.025	-0.30337775152412394	0.5711054662361472	1.344612793091649	1	33
1.03	-0.3025693841291469	0.8471732120036604	1.527958729479912	0	7654
1.03	-0.16866406960302197	0.5856953951960353	1.344612793091649	1	33
1.0350000000000001	-0.272299265445021	0.8512381592389645	1.6634908894507214	0	7626
1.0350000000000001	-0.16866406960302197	0.5958920852255255	1.3573375193363668	1	26
1.04	-0.272299265445021	0.8545770392572835	1.6634908894507214	0	7632
1.04	-0.16866406960302197	0.5877218168829281	1.5443571778247311	1	24
1.045	-0.272299265445021	0.8587809704053052	1.6634908894507214	0	7609
1.045	-0.14525364207514413	0.5947241551936778	1.5443571778247311	1	15
1.05	-0.32844834723710054	0.8626126416754939	1.6634908894507214	0	7667
1.05	-0.14525364207514413	0.623191384530582	1.5443571778247311	1	11
1.0550000000000002	-0.32844834723710054	0.8653071855007841	1.6634908894507214	0	7667
1.0550000000000002	-0.14525364207514413	0.6247586014571149	1.5443571778247311	1	7
1.06	-0.3641257292588893	0.8684188188628452	1.6634908894507214	0	7661
1.06	-0.14525364207514413	0.6099955102629249	1.344612793091649	1	7
1.065	-0.3641257292588893	0.8713376294794316	1.6634908894507214	0	7695
