#env	min	mean	max	gen_type	agent num
0.5	-0.22402268873107456	0.5016334628172058	1.2928296167262454	0	1795
0.5	-0.18826564087178432	0.5009814055211945	1.1896881460362212	1	1673
0.505	-0.22402268873107456	0.5023958161816025	1.2928296167262454	0	2771
0.505	-0.2702612077500145	0.5010351830865555	1.2419027907063152	1	2591
0.51	-0.38279711342927725	0.5021552660959897	1.2928296167262454	0	3728
0.51	-0.2702612077500145	0.500762461495346	1.2419027907063152	1	3481
0.515	-0.38279711342927725	0.5023940613150053	1.2928296167262454	0	4472
0.515	-0.2702612077500145	0.5006869380169093	1.2638269901256363	1	4144
0.52	-0.38279711342927725	0.5035833669163068	1.29106495823302	0	4152
0.52	-0.2702612077500145	0.5009175509552589	1.3221957375073392	1	3903
0.525	-0.38279711342927725	0.5045998275520156	1.2903542194098245	0	4205
0.525	-0.29660193685894487	0.5009385418401767	1.3716643847026715	1	3912
0.53	-0.27194927542397	0.5043338996549099	1.2402283396332987	0	4060
0.53	-0.29660193685894487	0.5009933126833677	1.3716643847026715	1	3782
0.535	-0.27194927542397	0.5058605416336547	1.2402283396332987	0	4042
0.535	-0.29660193685894487	0.5016545331690058	1.3716643847026715	1	3714
0.54	-0.27194927542397	0.5071671586502314	1.2944588761255043	0	4113
0.54	-0.33135047966704523	0.5024530973112981	1.3716643847026715	1	3860
0.545	-0.30008598071166587	0.5073704416973321	1.2944588761255043	0	4160
0.545	-0.33135047966704523	0.5032563917496252	1.3716643847026715	1	3912
0.55	-0.30008598071166587	0.5076095874049589	1.5468591149691415	0	4120
0.55	-0.33135047966704523	0.5032183368831759	1.3716643847026715	1	3949
0.555	-0.3203544487312858	0.5099960204709214	1.5468591149691415	0	4068
0.555	-0.33135047966704523	0.5031398293542766	1.3716643847026715	1	3943
0.56	-0.3203544487312858	0.5109599045311232	1.5468591149691415	0	3959
0.56	-0.29381767114777135	0.5031439275200896	1.3716643847026715	1	3948
0.565	-0.3203544487312858	0.5109910717732283	1.5468591149691415	0	3927
0.565	-0.29381767114777135	0.5032077715742338	1.3716643847026715	1	3927
0.5700000000000001	-0.3203544487312858	0.513220187475077	1.5468591149691415	0	3964
0.5700000000000001	-0.301016882492082	0.5027084511143829	1.3716643847026715	1	3962
0.575	-0.3160465811521272	0.5141616061450217	1.5468591149691415	0	3981
0.575	-0.3780405164119372	0.5029170989767395	1.3716643847026715	1	4010
0.58	-0.4539204239554742	0.5161480663404212	1.5468591149691415	0	3996
0.58	-0.3780405164119372	0.5030280738581879	1.3716643847026715	1	3992
0.585	-0.3160465811521272	0.5170465976835316	1.5468591149691415	0	3940
0.585	-0.3780405164119372	0.5033587819940718	1.3716643847026715	1	3988
0.59	-0.3160465811521272	0.5193089020570529	1.3574700409463272	0	3909
0.59	-0.39566852207885256	0.5034599590968877	1.3716643847026715	1	3999
0.595	-0.3160465811521272	0.5206164095156033	1.3118000269156302	0	3908
0.595	-0.39566852207885256	0.503876003677165	1.3716643847026715	1	3970
0.6	-0.2568689916919927	0.5215666601698115	1.3437537345664505	0	3926
0.6	-0.39566852207885256	0.5037078686868574	1.3716643847026715	1	3969
0.605	-0.2946240467004592	0.5231874878646917	1.3437537345664505	0	3952
0.605	-0.3780405164119372	0.504157536132472	1.3716643847026715	1	3987
0.61	-0.2946240467004592	0.5251217600285948	1.3437537345664505	0	3984
0.61	-0.5062369068959892	0.504021792849042	1.3716643847026715	1	3971
0.615	-0.3674009217556281	0.5279479690646889	1.3437537345664505	0	3951
0.615	-0.5062369068959892	0.5042272023686935	1.3716643847026715	1	3977
0.62	-0.3674009217556281	0.5293124423233408	1.3437537345664505	0	3902
0.62	-0.5062369068959892	0.5046687741129514	1.3716643847026715	1	3950
0.625	-0.3674009217556281	0.5305914195499594	1.4306061903658502	0	3909
0.625	-0.5062369068959892	0.5052007982310365	1.3716643847026715	1	3934
0.63	-0.3674009217556281	0.5321325278942298	1.4306061903658502	0	3924
0.63	-0.5062369068959892	0.5053199013150335	1.3716643847026715	1	3942
0.635	-0.3674009217556281	0.5350159073101767	1.4012162333949805	0	3942
0.635	-0.5062369068959892	0.505718005789375	1.3716643847026715	1	3951
0.64	-0.3674009217556281	0.538453969447528	1.4012162333949805	0	3948
0.64	-0.5062369068959892	0.5058587921532357	1.3716643847026715	1	3883
0.645	-0.3674009217556281	0.541414425091365	1.4012162333949805	0	3983
0.645	-0.5062369068959892	0.5057900644488649	1.3716643847026715	1	3882
0.65	-0.3674009217556281	0.5454016197236097	1.4012162333949805	0	3921
0.65	-0.5062369068959892	0.5061174382616618	1.3716643847026715	1	3873
0.655	-0.3674009217556281	0.5481562707375781	1.4012162333949805	0	3912
0.655	-0.5062369068959892	0.5071574596384639	1.3716643847026715	1	3893
0.66	-0.2650020063586316	0.5515432837398575	1.4012162333949805	0	3911
0.66	-0.5062369068959892	0.5074967712089388	1.3716643847026715	1	3919
0.665	-0.26611952084038054	0.5560630154978778	1.4012162333949805	0	3903
0.665	-0.5062369068959892	0.5080015528986279	1.3716643847026715	1	3990
0.67	-0.26611952084038054	0.559266126125716	1.4012162333949805	0	3929
0.67	-0.5062369068959892	0.5089412674308306	1.3716643847026715	1	3968
0.675	-0.2559233439552708	0.5622247569418931	1.4012162333949805	0	3932
0.675	-0.5062369068959892	0.5096208558274613	1.3716643847026715	1	3980
0.6799999999999999	-0.2835182360286778	0.5668192681674877	1.3824018212938403	0	3919
0.6799999999999999	-0.5062369068959892	0.5100260314151226	1.3716643847026715	1	3904
0.685	-0.2835182360286778	0.569101483307985	1.3824018212938403	0	3911
0.685	-0.5062369068959892	0.5110036520869209	1.3716643847026715	1	3853
0.69	-0.2835182360286778	0.5721805446821991	1.3824018212938403	0	3916
0.69	-0.5062369068959892	0.5114752466950487	1.3716643847026715	1	3802
0.6950000000000001	-0.2835182360286778	0.5762724176825097	1.3824018212938403	0	3929
0.6950000000000001	-0.5062369068959892	0.5118587936515503	1.3716643847026715	1	3801
0.7	-0.2835182360286778	0.5811634728634623	1.3824018212938403	0	3972
0.7	-0.5062369068959892	0.5125200154079038	1.3716643847026715	1	3843
0.7050000000000001	-0.2835182360286778	0.5855310842182279	1.3792569599810578	0	3950
0.7050000000000001	-0.5062369068959892	0.5127912532145266	1.475301903734456	1	3852
0.71	-0.43232026643747185	0.5897831241974593	1.3792569599810578	0	3949
0.71	-0.5062369068959892	0.5133184829620014	1.475301903734456	1	3825
0.715	-0.43232026643747185	0.5947309643146478	1.3850261300596205	0	3917
0.715	-0.5062369068959892	0.5138159177343402	1.475301903734456	1	3818
0.72	-0.43232026643747185	0.5976128311705785	1.3850261300596205	0	3922
0.72	-0.36223961449894587	0.5143268921248373	1.475301903734456	1	3867
0.725	-0.3150381541718057	0.6010045982521225	1.3996539522421763	0	3916
0.725	-0.36223961449894587	0.5149808497762419	1.521097007437277	1	3830
0.73	-0.3150381541718057	0.6058462832196146	1.3850261300596205	0	3877
0.73	-0.36223961449894587	0.5152461534553147	1.475301903734456	1	3813
0.735	-0.3150381541718057	0.6098868367957518	1.3850261300596205	0	3920
0.735	-0.36223961449894587	0.5156526988631077	1.475301903734456	1	3816
0.74	-0.3150381541718057	0.6134468134000982	1.3850261300596205	0	3977
0.74	-0.44667137907691284	0.5156300830703122	1.475301903734456	1	3795
0.745	-0.2835182360286778	0.6179564021687863	1.3850261300596205	0	4004
0.745	-0.36223961449894587	0.5161700147612899	1.475301903734456	1	3700
0.75	-0.5200336717488289	0.6232822826205037	1.3850261300596205	0	4071
0.75	-0.36223961449894587	0.5168164122457891	1.475301903734456	1	3641
0.755	-0.5200336717488289	0.6270948915412923	1.3804727819649336	0	4192
0.755	-0.36223961449894587	0.5172015139983096	1.475301903734456	1	3571
0.76	-0.33622652611108983	0.6302472843067577	1.3804727819649336	0	4235
0.76	-0.36223961449894587	0.5179427975033983	1.475301903734456	1	3510
0.765	-0.33622652611108983	0.6340830077665812	1.4142577742916453	0	4332
0.765	-0.38366046264120085	0.519464627980648	1.475301903734456	1	3386
0.77	-0.34784421194188203	0.6377310010207797	1.4142577742916453	0	4393
0.77	-0.41235469942496533	0.5209084943791962	1.475301903734456	1	3344
0.775	-0.33622652611108983	0.6407123936268737	1.4142577742916453	0	4392
0.775	-0.4286536684426291	0.5217240071698731	1.4312687956126755	1	3260
0.78	-0.33622652611108983	0.6450281138976472	1.4142577742916453	0	4472
0.78	-0.41235469942496533	0.5226464579978735	1.4312687956126755	1	3191
0.785	-0.29812696689284374	0.6494355978310898	1.4331193374121138	0	4528
0.785	-0.41235469942496533	0.5239527045777167	1.4312687956126755	1	3108
0.79	-0.4261629868545187	0.6530512981760068	1.4331193374121138	0	4572
0.79	-0.36223961449894587	0.5244228637493201	1.520930789541298	1	3087
0.7949999999999999	-0.4292498084168834	0.6551111628548988	1.4331193374121138	0	4675
0.7949999999999999	-0.34431960252557925	0.525268701453149	1.520930789541298	1	2999
0.8	-0.4292498084168834	0.6593497792120064	1.4129102088004324	0	4834
0.8	-0.4302407057564836	0.5259019028006691	1.520930789541298	1	2883
0.8049999999999999	-0.4292498084168834	0.6637772138395259	1.4804105170495017	0	4910
0.8049999999999999	-0.4302407057564836	0.5279546066974985	1.520930789541298	1	2795
0.81	-0.4261629868545187	0.6678382488415052	1.5006664911968426	0	4989
0.81	-0.4302407057564836	0.5279892363248176	1.520930789541298	1	2652
0.815	-0.36366894925442983	0.6734143955934371	1.5006664911968426	0	5078
0.815	-0.4302407057564836	0.5289017763494909	1.4652433128569324	1	2542
0.8200000000000001	-0.36366894925442983	0.6783410453204648	1.5006664911968426	0	5217
0.8200000000000001	-0.4302407057564836	0.5291580723049366	1.4265438663832595	1	2445
0.825	-0.36366894925442983	0.6839035586547074	1.4496989919474181	0	5266
0.825	-0.4302407057564836	0.5303096267773215	1.4265438663832595	1	2364
0.8300000000000001	-0.4335906447202017	0.6882308260938883	1.4496989919474181	0	5416
0.8300000000000001	-0.3616385329471494	0.5305206424581989	1.4951829530563507	1	2273
0.835	-0.43032827998204265	0.6921848787261407	1.4496989919474181	0	5521
0.835	-0.4206288602436544	0.5322204393485941	1.5772475679925069	1	2156
0.8400000000000001	-0.43032827998204265	0.6962804532195196	1.4800270704381415	0	5617
0.8400000000000001	-0.4122149771241834	0.5330139882380928	1.5772475679925069	1	2054
0.845	-0.43032827998204265	0.7013298650906732	1.4800270704381415	0	5711
0.845	-0.34431960252557925	0.5346006212937898	1.4910845288219308	1	1934
0.8500000000000001	-0.43032827998204265	0.7050143952849253	1.4800270704381415	0	5796
0.8500000000000001	-0.34431960252557925	0.5345613732807803	1.4910845288219308	1	1837
0.855	-0.43032827998204265	0.7097489280833039	1.4800270704381415	0	5881
0.855	-0.34431960252557925	0.5352244160855811	1.4115338364132952	1	1714
0.86	-0.43370670171938697	0.7150516529887446	1.4800270704381415	0	5968
0.86	-0.34431960252557925	0.5360165400355295	1.4115338364132952	1	1634
0.865	-0.43370670171938697	0.7191710386622239	1.4784730150497554	0	6108
0.865	-0.34431960252557925	0.5363510013069968	1.4115338364132952	1	1509
0.87	-0.43370670171938697	0.7235781936075757	1.6073217018449948	0	6276
0.87	-0.34431960252557925	0.5358760049411347	1.4115338364132952	1	1426
0.875	-0.43370670171938697	0.7287079127361609	1.6073217018449948	0	6362
0.875	-0.34431960252557925	0.5372466804790814	1.434437936317821	1	1356
0.88	-0.43370670171938697	0.7343816353501134	1.6073217018449948	0	6422
0.88	-0.34431960252557925	0.5381553267019521	1.434437936317821	1	1212
0.885	-0.43370670171938697	0.7374751841321673	1.6073217018449948	0	6585
0.885	-0.4200148537305805	0.5402695088814558	1.434437936317821	1	1144
0.89	-0.43370670171938697	0.741203452220768	1.6073217018449948	0	6656
0.89	-0.4200148537305805	0.5412405896521995	1.4115338364132952	1	1039
0.895	-0.43370670171938697	0.7447937365033954	1.6073217018449948	0	6720
0.895	-0.34431960252557925	0.5430163287711003	1.4115338364132952	1	966
0.9	-0.45103354646255306	0.7478706440899915	1.6073217018449948	0	6809
0.9	-0.34431960252557925	0.5413104754269925	1.4382121432153898	1	882
0.905	-0.47758335300769206	0.7517716644195368	1.6073217018449948	0	6847
0.905	-0.34431960252557925	0.5406575482909948	1.4382121432153898	1	816
0.91	-0.47758335300769206	0.7553362072919615	1.6073217018449948	0	6915
0.91	-0.34431960252557925	0.5420005950515392	1.4382121432153898	1	743
0.915	-0.47758335300769206	0.7586941069874492	1.6073217018449948	0	6988
0.915	-0.34431960252557925	0.5424985929417504	1.4382121432153898	1	683
0.9199999999999999	-0.47758335300769206	0.7619475737180298	1.607431862653163	0	7051
0.9199999999999999	-0.34431960252557925	0.5432845769196332	1.4382121432153898	1	597
0.925	-0.47758335300769206	0.7657545639626253	1.607431862653163	0	7147
0.925	-0.34431960252557925	0.5465857065169505	1.4382121432153898	1	529
0.9299999999999999	-0.3399203929647281	0.7689836615782687	1.6467310909319184	0	7230
0.9299999999999999	-0.34431960252557925	0.5457365393921495	1.4115338364132952	1	465
0.935	-0.3399203929647281	0.7745751258281807	1.6467310909319184	0	7225
0.935	-0.34431960252557925	0.5476242875939868	1.4115338364132952	1	411
0.94	-0.48183185099390813	0.7781592875702346	1.6467310909319184	0	7291
0.94	-0.34431960252557925	0.5481694910876322	1.4115338364132952	1	368
0.9450000000000001	-0.48183185099390813	0.7818050494158147	1.6467310909319184	0	7404
0.9450000000000001	-0.23877728666139336	0.5504196224056027	1.4115338364132952	1	333
0.95	-0.48183185099390813	0.7864867535399196	1.6467310909319184	0	7416
0.95	-0.23877728666139336	0.5504082638019644	1.4115338364132952	1	304
0.9550000000000001	-0.48183185099390813	0.7895590882408807	1.6467310909319184	0	7493
0.9550000000000001	-0.23877728666139336	0.5511030915640863	1.4115338364132952	1	272
0.96	-0.3399203929647281	0.7931876416939883	1.6467310909319184	0	7541
0.96	-0.23877728666139336	0.5560832827975039	1.3862878961018341	1	232
0.9650000000000001	-0.3283359827803175	0.7967460993595135	1.6467310909319184	0	7567
0.9650000000000001	-0.23877728666139336	0.5582430600765395	1.3862878961018341	1	206
0.97	-0.2680208724780911	0.8001431286793361	1.6467310909319184	0	7535
0.97	-0.23877728666139336	0.5601957884373047	1.3862878961018341	1	178
0.9750000000000001	-0.3212811367423647	0.8026542596198547	1.6467310909319184	0	7567
0.9750000000000001	-0.2155835086320339	0.5602699079820702	1.3862878961018341	1	154
0.98	-0.3670860388861611	0.806720099329569	1.6467310909319184	0	7559
0.98	-0.20256615329256672	0.5629692968551219	1.3862878961018341	1	143
0.985	-0.3670860388861611	0.8096346091118786	1.6467310909319184	0	7626
0.985	-0.20256615329256672	0.5671618899919325	1.3862878961018341	1	123
0.99	-0.3670860388861611	0.8129828512684162	1.6467310909319184	0	7640
0.99	-0.20256615329256672	0.5638922687283923	1.413311762015683	1	100
0.995	-0.3212811367423647	0.8163975296550976	1.6467310909319184	0	7630
0.995	-0.20256615329256672	0.5699102709955638	1.3862878961018341	1	86
1.0	-0.2402932725556426	0.8187012333026039	1.6467310909319184	0	7638
1.0	-0.15650820181934277	0.5709985526400361	1.3224728044759424	1	76
1.005	-0.2402932725556426	0.8212697315276033	1.6467310909319184	0	7643
1.005	-0.15650820181934277	0.5722054874193604	1.3224728044759424	1	64
1.01	-0.3792307437238241	0.8233639448872989	1.6467310909319184	0	7682
1.01	-0.15650820181934277	0.5753277857663021	1.371467974400916	1	59
1.0150000000000001	-0.3792307437238241	0.8277505523240605	1.6467310909319184	0	7661
1.0150000000000001	-0.15650820181934277	0.5736303666168345	1.2842376924051209	1	49
1.02	-0.3792307437238241	0.8310818219463194	1.6467310909319184	0	7743
1.02	-0.15650820181934277	0.5709434402189518	1.2842376924051209	1	36
1.025	-0.3792307437238241	0.835107607457209	1.6467310909319184	0	7711
1.025	-0.15650820181934277	0.5871483083246763	1.2842376924051209	1	30
1.03	-0.2402932725556426	0.8387082561699563	1.6467310909319184	0	7681
1.03	-0.15650820181934277	0.5970353699225084	1.2514476692518355	1	32
1.0350000000000001	-0.31093103608223904	0.8411608120911392	1.6467310909319184	0	7623
1.0350000000000001	-0.15650820181934277	0.5898380767165842	1.1595139460720092	1	24
1.04	-0.31093103608223904	0.8441222020603293	1.6467310909319184	0	7628
1.04	-0.15650820181934277	0.5906518032167218	1.0936118114210234	1	23
1.045	-0.31093103608223904	0.8469351360394975	1.6467310909319184	0	7642
1.045	-0.15650820181934277	0.5870397400279677	1.0936118114210234	1	23
1.05	-0.2402932725556426	0.8502031233886377	1.6467310909319184	0	7638
1.05	-0.15650820181934277	0.5849556843038943	1.0936118114210234	1	19
1.0550000000000002	-0.1654981191766452	0.852796845855052	1.6467310909319184	0	7643
1.0550000000000002	-0.15650820181934277	0.5843134817513382	1.0936118114210234	1	17
1.06	-0.17269826116513853	0.8563786415828718	1.6467310909319184	0	7652
1.06	-0.15650820181934277	0.5932420979252608	1.218010825702062	1	16
