#env	min	mean	max	gen_type	agent num
0.5	-0.15620171300376778	0.49980292602415916	1.3143364488531133	0	1744
0.5	-0.26629151238784754	0.5015485542847151	1.1969630361889088	1	1711
0.505	-0.1956641719384502	0.49983929583581777	1.3143364488531133	0	2703
0.505	-0.26629151238784754	0.5012988013498837	1.2689116754573013	1	2666
0.51	-0.28116508717654504	0.5001671959019239	1.3143364488531133	0	3639
0.51	-0.26629151238784754	0.5015274264902093	1.2689116754573013	1	3625
0.515	-0.28116508717654504	0.5004091627206595	1.3143364488531133	0	4332
0.515	-0.27390229464650223	0.5012290863621061	1.2952072373537447	1	4287
0.52	-0.28116508717654504	0.5004942710347073	1.3143364488531133	0	4046
0.52	-0.315991049077722	0.5014548483832824	1.2952072373537447	1	4006
0.525	-0.28116508717654504	0.5005358869183315	1.2507213604334928	0	4049
0.525	-0.315991049077722	0.5017512919064105	1.2952072373537447	1	4057
0.53	-0.28116508717654504	0.5007370017032836	1.2507213604334928	0	3923
0.53	-0.315991049077722	0.5017108284332372	1.2952072373537447	1	3933
0.535	-0.2380408817163669	0.5007124310119108	1.308192358949712	0	3877
0.535	-0.30778786062739716	0.5016636367202298	1.2952072373537447	1	3858
0.54	-0.24850949997181981	0.5009995545173913	1.3365369415924075	0	3942
0.54	-0.27390229464650223	0.5019464710560677	1.3730921584409264	1	4045
0.545	-0.4437915563018564	0.5006894169617023	1.3365369415924075	0	3977
0.545	-0.32381156504605035	0.5017591452241166	1.3730921584409264	1	4093
0.55	-0.4437915563018564	0.5019939066952933	1.3365369415924075	0	3970
0.55	-0.32381156504605035	0.5019808299754552	1.2952072373537447	1	4075
0.555	-0.4437915563018564	0.5013060083225898	1.3365369415924075	0	3934
0.555	-0.32381156504605035	0.5032496080194877	1.2952072373537447	1	4059
0.56	-0.4437915563018564	0.5035864485397299	1.3365369415924075	0	3821
0.56	-0.32381156504605035	0.5037987600370635	1.3215289194233324	1	3996
0.565	-0.4437915563018564	0.5052589134995635	1.3365369415924075	0	3825
0.565	-0.3397592394227006	0.5040321470860082	1.3215289194233324	1	4032
0.5700000000000001	-0.4437915563018564	0.5066643598534901	1.3365369415924075	0	3835
0.5700000000000001	-0.3397592394227006	0.5044799081048263	1.3215289194233324	1	4085
0.575	-0.31522777528820883	0.5069769926639499	1.288563006818601	0	3864
0.575	-0.3541149938503937	0.5051752212093339	1.3215289194233324	1	4161
0.58	-0.31522777528820883	0.5112957213523904	1.288563006818601	0	3828
0.58	-0.37240766546492826	0.5044447559631058	1.3215289194233324	1	4158
0.585	-0.35001508199186515	0.5134422963620524	1.3032263087620817	0	3807
0.585	-0.37240766546492826	0.5044098631843983	1.3215289194233324	1	4117
0.59	-0.35001508199186515	0.5130495118617073	1.3032263087620817	0	3767
0.59	-0.37240766546492826	0.5037508317216005	1.3215289194233324	1	4036
0.595	-0.35001508199186515	0.5141227239088497	1.3032263087620817	0	3796
0.595	-0.37240766546492826	0.5034181418894514	1.3752286576410513	1	4071
0.6	-0.35001508199186515	0.5172668405277823	1.3032263087620817	0	3812
0.6	-0.32381156504605035	0.5029881310489916	1.3752286576410513	1	4050
0.605	-0.37632479838017235	0.5193140093467613	1.3032263087620817	0	3850
0.605	-0.32381156504605035	0.5027583773104389	1.427340657128156	1	4064
0.61	-0.37632479838017235	0.5212345497074984	1.3032263087620817	0	3812
0.61	-0.3463888627001721	0.5030725627826227	1.427340657128156	1	4087
0.615	-0.37632479838017235	0.5247156295262897	1.291050373017358	0	3841
0.615	-0.31015574261064316	0.5038955613674035	1.427340657128156	1	4080
0.62	-0.37632479838017235	0.5276524408637445	1.291050373017358	0	3796
0.62	-0.33602078412264125	0.504159801434431	1.489687018064168	1	4050
0.625	-0.37632479838017235	0.5297506628129663	1.291050373017358	0	3799
0.625	-0.33602078412264125	0.5040038838904726	1.489687018064168	1	4074
0.63	-0.37632479838017235	0.5322362584477207	1.291050373017358	0	3787
0.63	-0.33602078412264125	0.5046512577164386	1.489687018064168	1	4081
0.635	-0.4092441037502095	0.5343884618589207	1.3045603310445275	0	3801
0.635	-0.33602078412264125	0.5044168667920892	1.489687018064168	1	4055
0.64	-0.4092441037502095	0.53609444396071	1.3799297495793026	0	3788
0.64	-0.38086721635131304	0.5045795231146156	1.489687018064168	1	4057
0.645	-0.37632479838017235	0.5417130463288071	1.4242560330731495	0	3774
0.645	-0.38086721635131304	0.5047806986766133	1.489687018064168	1	4145
0.65	-0.3977814621852037	0.5453360061273644	1.4242560330731495	0	3720
0.65	-0.38086721635131304	0.5049631645902384	1.489687018064168	1	4107
0.655	-0.40357620392986066	0.5489534825831566	1.4243176460514764	0	3698
0.655	-0.3639935310169421	0.5053918102352615	1.489687018064168	1	4132
0.66	-0.3977814621852037	0.5525897680398706	1.4243176460514764	0	3650
0.66	-0.3639935310169421	0.5065214084000488	1.489687018064168	1	4193
0.665	-0.3977814621852037	0.5563451638954166	1.4243176460514764	0	3620
0.665	-0.3639935310169421	0.5068443697314243	1.6517784604628252	1	4196
0.67	-0.2737015655178018	0.5583282847579668	1.4243176460514764	0	3613
0.67	-0.3639935310169421	0.5071005163405351	1.6517784604628252	1	4163
0.675	-0.3804345193910703	0.5611526375788358	1.4243176460514764	0	3624
0.675	-0.3639935310169421	0.5077049049704306	1.6517784604628252	1	4196
0.6799999999999999	-0.3804345193910703	0.5640649373798943	1.4243176460514764	0	3601
0.6799999999999999	-0.3639935310169421	0.5091321940712451	1.6517784604628252	1	4195
0.685	-0.3804345193910703	0.5678608035390283	1.4243176460514764	0	3627
0.685	-0.42452376198120684	0.5091496420814908	1.6517784604628252	1	4182
0.69	-0.2737015655178018	0.5712056572814349	1.5690568388491477	0	3644
0.69	-0.4501670624706693	0.5103370446342989	1.6517784604628252	1	4138
0.6950000000000001	-0.29086496949654017	0.5744658997515805	1.4243176460514764	0	3713
0.6950000000000001	-0.4501670624706693	0.5115356980025958	1.6517784604628252	1	4139
0.7	-0.2431797870129122	0.5768536223155408	1.4599350244607023	0	3754
0.7	-0.4501670624706693	0.5120599980011427	1.489687018064168	1	4094
0.7050000000000001	-0.36547060067778236	0.5806984636223467	1.4599350244607023	0	3827
0.7050000000000001	-0.42452376198120684	0.5121738634293539	1.489687018064168	1	4022
0.71	-0.36547060067778236	0.5838866603002093	1.4506306636042041	0	3806
0.71	-0.42452376198120684	0.513124562097307	1.489687018064168	1	3992
0.715	-0.36547060067778236	0.5877471855931836	1.4506306636042041	0	3823
0.715	-0.42452376198120684	0.5125565528923913	1.489687018064168	1	3948
0.72	-0.36547060067778236	0.5905474178648569	1.4506306636042041	0	3813
0.72	-0.4459481716154598	0.5125732325206425	1.489687018064168	1	3921
0.725	-0.37275461490849304	0.5941848403781969	1.4506306636042041	0	3855
0.725	-0.4459481716154598	0.5129325096440162	1.489687018064168	1	3862
0.73	-0.37275461490849304	0.5976882654815117	1.4506306636042041	0	3839
0.73	-0.4459481716154598	0.5130934858047813	1.489687018064168	1	3869
0.735	-0.36547060067778236	0.6021036389256256	1.4506306636042041	0	3908
0.735	-0.6280407590647121	0.5121757080995114	1.489687018064168	1	3814
0.74	-0.36547060067778236	0.6053249431838974	1.4506306636042041	0	3956
0.74	-0.6280407590647121	0.5130216850418522	1.489687018064168	1	3802
0.745	-0.36547060067778236	0.6082932232128886	1.4506306636042041	0	3983
0.745	-0.6280407590647121	0.5134337738515139	1.489687018064168	1	3763
0.75	-0.36547060067778236	0.6121270785312724	1.4506306636042041	0	4018
0.75	-0.6280407590647121	0.5143222342178017	1.489687018064168	1	3719
0.755	-0.36547060067778236	0.6150798418221746	1.4506306636042041	0	4078
0.755	-0.6280407590647121	0.5158612056473193	1.489687018064168	1	3649
0.76	-0.5188491709505172	0.6177560339481154	1.4506306636042041	0	4089
0.76	-0.42452376198120684	0.5169299144329135	1.489687018064168	1	3586
0.765	-0.5188491709505172	0.621329541281904	1.4506306636042041	0	4162
0.765	-0.42452376198120684	0.5180178426844843	1.489687018064168	1	3517
0.77	-0.3871861647955127	0.6243407206231099	1.4506306636042041	0	4258
0.77	-0.42452376198120684	0.5199801320045063	1.489687018064168	1	3461
0.775	-0.3894720819687434	0.6268940901435397	1.4506306636042041	0	4296
0.775	-0.3461149315144901	0.5213379699327749	1.489687018064168	1	3376
0.78	-0.36547060067778236	0.631282037397553	1.417463482269355	0	4351
0.78	-0.3461149315144901	0.5219882016038793	1.489687018064168	1	3297
0.785	-0.36547060067778236	0.634769671589108	1.4643775225070579	0	4479
0.785	-0.4080186594051653	0.5235209714134533	1.5661886141332593	1	3238
0.79	-0.36547060067778236	0.6380202539835161	1.417463482269355	0	4457
0.79	-0.4080186594051653	0.5244380855983529	1.5661886141332593	1	3206
0.7949999999999999	-0.36547060067778236	0.6411743715366021	1.417463482269355	0	4491
0.7949999999999999	-0.4080186594051653	0.5259548033142976	1.489687018064168	1	3128
0.8	-0.36547060067778236	0.6455204032657269	1.417463482269355	0	4555
0.8	-0.4080186594051653	0.5268886405890334	1.489687018064168	1	3025
0.8049999999999999	-0.36547060067778236	0.6493242432612576	1.3727262065570252	0	4668
0.8049999999999999	-0.4080186594051653	0.5278159489802569	1.489687018064168	1	2961
0.81	-0.36547060067778236	0.6534082166941125	1.3727262065570252	0	4752
0.81	-0.48666967154394725	0.5283727569700307	1.489687018064168	1	2902
0.815	-0.36547060067778236	0.6573226104086635	1.3727262065570252	0	4875
0.815	-0.48666967154394725	0.5299710269749047	1.489687018064168	1	2791
0.8200000000000001	-0.38665394952996435	0.663002431090114	1.4330976899320433	0	4948
0.8200000000000001	-0.48666967154394725	0.5300549903421538	1.3476164114347937	1	2684
0.825	-0.41245841061125255	0.6691824219722177	1.4384043587079964	0	5046
0.825	-0.4234020250760958	0.5317971765303658	1.3476164114347937	1	2555
0.8300000000000001	-0.5126560974652569	0.6740064620110099	1.4384043587079964	0	5103
0.8300000000000001	-0.4080186594051653	0.5327502741003334	1.3476164114347937	1	2476
0.835	-0.5126560974652569	0.6775647823452617	1.4384043587079964	0	5176
0.835	-0.4080186594051653	0.534527355434779	1.3476164114347937	1	2365
0.8400000000000001	-0.5126560974652569	0.683200127230158	1.4384043587079964	0	5345
0.8400000000000001	-0.4080186594051653	0.5348744418367263	1.3476164114347937	1	2265
0.845	-0.41245841061125255	0.6877180020734686	1.4384043587079964	0	5430
0.845	-0.4080186594051653	0.5358024861618983	1.3476164114347937	1	2178
0.8500000000000001	-0.41245841061125255	0.6913134371886502	1.4384043587079964	0	5539
0.8500000000000001	-0.4080186594051653	0.5374478672925805	1.4456702127100405	1	2075
0.855	-0.41245841061125255	0.6956641242567773	1.4384043587079964	0	5649
0.855	-0.5220608944144591	0.5386756283788899	1.4456702127100405	1	1989
0.86	-0.41245841061125255	0.7012357774146948	1.4384043587079964	0	5763
0.86	-0.5220608944144591	0.5403548256190384	1.4456702127100405	1	1824
0.865	-0.41245841061125255	0.7056979408451186	1.4384043587079964	0	5931
0.865	-0.41105450398976656	0.5419505790820742	1.3476164114347937	1	1733
0.87	-0.41362932574245176	0.7115645968817902	1.4384043587079964	0	6042
0.87	-0.41105450398976656	0.5435492429730719	1.3476164114347937	1	1647
0.875	-0.41362932574245176	0.7164601883415116	1.455628465147231	0	6142
0.875	-0.41105450398976656	0.5471311341063093	1.3476164114347937	1	1574
0.88	-0.41362932574245176	0.7221840834197236	1.5060976577038954	0	6216
0.88	-0.41105450398976656	0.54994293873939	1.3253066326409801	1	1446
0.885	-0.41362932574245176	0.7268339052162082	1.5060976577038954	0	6325
0.885	-0.41105450398976656	0.5527162561620078	1.3253066326409801	1	1312
0.89	-0.41362932574245176	0.7329610642781386	1.5060976577038954	0	6340
0.89	-0.468775245685754	0.5532723745098305	1.3780531231571476	1	1220
0.895	-0.41362932574245176	0.7369910569086372	1.5060976577038954	0	6481
0.895	-0.468775245685754	0.555852480870719	1.3253066326409801	1	1160
0.9	-0.41362932574245176	0.7410601262825558	1.5060976577038954	0	6614
0.9	-0.468775245685754	0.5575954528075621	1.3253066326409801	1	1075
0.905	-0.41362932574245176	0.7453828730181625	1.5203832017961534	0	6628
0.905	-0.468775245685754	0.559605599113787	1.3253066326409801	1	1033
0.91	-0.31531619209643996	0.7511109859100921	1.5203832017961534	0	6655
0.91	-0.468775245685754	0.5607591877533571	1.3253066326409801	1	958
0.915	-0.31531619209643996	0.7554832619502049	1.5393957292016471	0	6750
0.915	-0.468775245685754	0.5602238808403852	1.3253066326409801	1	887
0.9199999999999999	-0.31531619209643996	0.7610765448983132	1.549084209462108	0	6762
0.9199999999999999	-0.468775245685754	0.5613833830989717	1.3253066326409801	1	808
0.925	-0.19649532625347194	0.766613769560566	1.549084209462108	0	6846
0.925	-0.47940586647133043	0.5642204663951337	1.3873210635401638	1	723
0.9299999999999999	-0.22486707951204582	0.7703835108974928	1.5548170038616127	0	6987
0.9299999999999999	-0.47940586647133043	0.5641955527969803	1.3253066326409801	1	673
0.935	-0.22486707951204582	0.7757133492960441	1.5548170038616127	0	7065
0.935	-0.47940586647133043	0.5668946802005095	1.3253066326409801	1	601
0.94	-0.34544240275640636	0.7793424830370244	1.5548170038616127	0	7169
0.94	-0.47940586647133043	0.5690290653927228	1.34562879289579	1	531
0.9450000000000001	-0.34544240275640636	0.7839791537946816	1.4996916054310565	0	7198
0.9450000000000001	-0.47940586647133043	0.5704034061333549	1.34562879289579	1	469
0.95	-0.2644717599349144	0.7892038130902348	1.4996916054310565	0	7297
0.95	-0.2796155653755053	0.5717751291594351	1.34562879289579	1	425
0.9550000000000001	-0.2974240956253883	0.7946016693722354	1.4996916054310565	0	7444
0.9550000000000001	-0.29163135932685114	0.576456955057362	1.34562879289579	1	368
0.96	-0.2974240956253883	0.7990415319390886	1.4996916054310565	0	7438
0.96	-0.29163135932685114	0.5757512617335071	1.3248173694140906	1	304
0.9650000000000001	-0.2974240956253883	0.8036648992431753	1.5277349556816147	0	7443
0.9650000000000001	-0.29163135932685114	0.5790950275987599	1.3248173694140906	1	269
0.97	-0.2644717599349144	0.8083099601898794	1.4996916054310565	0	7507
0.97	-0.29163135932685114	0.5803830521180706	1.3248173694140906	1	250
0.9750000000000001	-0.2644717599349144	0.8124101855815539	1.4996916054310565	0	7541
0.9750000000000001	-0.29163135932685114	0.5848870568389105	1.3248173694140906	1	226
0.98	-0.3501298110795078	0.8159678401918818	1.4996916054310565	0	7514
0.98	-0.29163135932685114	0.5866410412035793	1.3248173694140906	1	193
0.985	-0.3501298110795078	0.8201523135084082	1.4996916054310565	0	7560
0.985	-0.29163135932685114	0.5909621560864826	1.3248173694140906	1	184
0.99	-0.3501298110795078	0.8243489121993555	1.4996916054310565	0	7574
0.99	-0.29163135932685114	0.591243212201724	1.3248173694140906	1	171
0.995	-0.3501298110795078	0.8276490359010592	1.4996916054310565	0	7604
0.995	-0.29163135932685114	0.5942323119235321	1.3388868887638667	1	136
1.0	-0.3501298110795078	0.8318778351479101	1.4996916054310565	0	7585
1.0	-0.29163135932685114	0.5959831686298103	1.3388868887638667	1	121
1.005	-0.3501298110795078	0.8354514665631213	1.4996916054310565	0	7599
1.005	-0.29163135932685114	0.6035365599325893	1.3388868887638667	1	106
1.01	-0.3501298110795078	0.839159300637464	1.66422382136055	0	7666
1.01	-0.15957629931140913	0.6043097218236729	1.3388868887638667	1	93
1.0150000000000001	-0.3501298110795078	0.8436956472987593	1.66422382136055	0	7636
1.0150000000000001	-0.15957629931140913	0.6024858289108953	1.3388868887638667	1	81
1.02	-0.3501298110795078	0.8486040903636947	1.66422382136055	0	7605
1.02	-0.17399746234420282	0.603520679645178	1.3388868887638667	1	71
1.025	-0.3501298110795078	0.8524282680609392	1.66422382136055	0	7655
1.025	-0.17399746234420282	0.6088701639646028	1.3388868887638667	1	60
1.03	-0.3501298110795078	0.8553517993228478	1.66422382136055	0	7700
1.03	-0.17399746234420282	0.6073003007126401	1.3388868887638667	1	51
1.0350000000000001	-0.3501298110795078	0.8595388963042647	1.66422382136055	0	7617
1.0350000000000001	-0.15957629931140913	0.6072496811473953	1.3388868887638667	1	46
1.04	-0.3501298110795078	0.8628193265865366	1.66422382136055	0	7650
1.04	-0.15957629931140913	0.6122519638409732	1.3388868887638667	1	35
1.045	-0.21424984955517312	0.865666957091253	1.66422382136055	0	7663
1.045	-0.15957629931140913	0.6021045211168877	1.3388868887638667	1	23
1.05	-0.17398233995407716	0.8683616262611693	1.66422382136055	0	7675
1.05	-0.15957629931140913	0.6018164707770198	1.3109451892222512	1	17
1.0550000000000002	-0.17398233995407716	0.8711559463585149	1.6573481564126291	0	7641
1.0550000000000002	-0.028578696746878518	0.6169579901296296	1.2314203554798384	1	13
1.06	-0.2549804629055282	0.8746544770390752	1.6573481564126291	0	7657
1.06	-0.028578696746878518	0.611418399231871	1.2314203554798384	1	9
