#env	min	mean	max	gen_type	agent num
0.5	-0.15732501382861241	0.49929133924942365	1.1972133370474927	0	1810
0.5	-0.2010288777268764	0.49972092275117164	1.211066363012653	1	1656
0.505	-0.2855813954789761	0.49900370300747476	1.1972133370474927	0	2804
0.505	-0.2010288777268764	0.49985269278207356	1.2209096428481938	1	2622
0.51	-0.2855813954789761	0.4982733299049528	1.1972133370474927	0	3776
0.51	-0.2010288777268764	0.49978539240568226	1.2209096428481938	1	3543
0.515	-0.2855813954789761	0.4989008497202215	1.2778891850898277	0	4463
0.515	-0.2676513828323533	0.49956357677065777	1.2587396058283868	1	4239
0.52	-0.2855813954789761	0.4980088239744378	1.252363487769316	0	4151
0.52	-0.2230942577500026	0.4991975223838596	1.2587396058283868	1	3974
0.525	-0.2855813954789761	0.4979162999222359	1.252363487769316	0	4139
0.525	-0.20997697094150836	0.49946787264442516	1.2587396058283868	1	4010
0.53	-0.2855813954789761	0.4975190313402566	1.252363487769316	0	3952
0.53	-0.24928435828974305	0.49984372937210647	1.2587396058283868	1	3845
0.535	-0.2855813954789761	0.49864731538431023	1.2553981413707245	0	3930
0.535	-0.25679870460368015	0.5003597099621251	1.251499568536176	1	3791
0.54	-0.3006376192382442	0.4977946627257901	1.2553981413707245	0	4057
0.54	-0.2205020058934702	0.5004624895216875	1.251499568536176	1	3888
0.545	-0.3006376192382442	0.49906830914971123	1.2553981413707245	0	4100
0.545	-0.2205020058934702	0.5017986618267994	1.2806009084242027	1	3995
0.55	-0.3006376192382442	0.49949690783495515	1.2553981413707245	0	4128
0.55	-0.2693542120134589	0.5018032359990818	1.2806009084242027	1	3993
0.555	-0.3006376192382442	0.5008907217510681	1.3352924170850518	0	4073
0.555	-0.2565494275543078	0.5024143179864007	1.2671734884722996	1	3908
0.56	-0.3300833928241199	0.5014630267689533	1.446731536024334	0	3945
0.56	-0.25498403340202924	0.5029503035366537	1.269761123813614	1	3857
0.565	-0.3300833928241199	0.5045905474842931	1.446731536024334	0	3939
0.565	-0.25498403340202924	0.5034081919022811	1.2948600787581035	1	3894
0.5700000000000001	-0.3300833928241199	0.5053858535356774	1.446731536024334	0	3950
0.5700000000000001	-0.39859870527516256	0.5032018410832129	1.2948600787581035	1	3904
0.575	-0.3006376192382442	0.5076993881108366	1.446731536024334	0	3946
0.575	-0.39859870527516256	0.5037578032217419	1.2948600787581035	1	4006
0.58	-0.3006376192382442	0.5092238958011038	1.446731536024334	0	3958
0.58	-0.39859870527516256	0.5035797092771845	1.2948600787581035	1	4041
0.585	-0.3006376192382442	0.5106750950414626	1.3139312326401726	0	3927
0.585	-0.40761829138302424	0.5032902903366524	1.2948600787581035	1	4035
0.59	-0.3006376192382442	0.5126583734349763	1.3139312326401726	0	3908
0.59	-0.40761829138302424	0.5036382156971009	1.3098203258431704	1	4005
0.595	-0.2518921611534282	0.5156175643704225	1.3139312326401726	0	3915
0.595	-0.40761829138302424	0.5039079260825329	1.3098203258431704	1	3991
0.6	-0.2518921611534282	0.5180231108521842	1.3381395381369152	0	3932
0.6	-0.40761829138302424	0.5038753465869249	1.3098203258431704	1	3991
0.605	-0.24702588958119842	0.5203653112876546	1.3381395381369152	0	3907
0.605	-0.4093098953937633	0.5041632405937596	1.3098203258431704	1	4027
0.61	-0.3140927017832612	0.5230679781280874	1.3381395381369152	0	3908
0.61	-0.4093098953937633	0.5046536825292137	1.3098203258431704	1	3996
0.615	-0.3140927017832612	0.5248967867208724	1.3381395381369152	0	3878
0.615	-0.4093098953937633	0.5048594766777256	1.3098203258431704	1	4004
0.62	-0.3140927017832612	0.5263152895742575	1.3139312326401726	0	3875
0.62	-0.4093098953937633	0.5043999480116858	1.3754257254250215	1	4024
0.625	-0.39369193556170434	0.5284067793380438	1.3139312326401726	0	3849
0.625	-0.4093098953937633	0.5046796516367821	1.3754257254250215	1	3955
0.63	-0.3140927017832612	0.5301705908904515	1.2831835067533772	0	3868
0.63	-0.4093098953937633	0.5048031371815996	1.3098203258431704	1	4000
0.635	-0.3140927017832612	0.5314930653708678	1.2829137630420755	0	3876
0.635	-0.4093098953937633	0.5051474808877108	1.3098203258431704	1	4037
0.64	-0.3140927017832612	0.533541163600444	1.2829137630420755	0	3852
0.64	-0.4093098953937633	0.5056473948681252	1.3098203258431704	1	4028
0.645	-0.3140927017832612	0.5374445325992582	1.3795894962293374	0	3829
0.645	-0.40761829138302424	0.5057861292567135	1.281659202151249	1	4017
0.65	-0.3140927017832612	0.5397563149942142	1.3795894962293374	0	3772
0.65	-0.40761829138302424	0.5057846791479029	1.3620524010435342	1	4104
0.655	-0.37652955975697533	0.5420680646462427	1.3795894962293374	0	3738
0.655	-0.40761829138302424	0.5058800578616626	1.2844704967644456	1	4088
0.66	-0.45853727908755576	0.5465303552369436	1.361851113601395	0	3686
0.66	-0.5234813325201375	0.5065899737041036	1.3836012370687383	1	4116
0.665	-0.45853727908755576	0.5472679876754913	1.361851113601395	0	3688
0.665	-0.5234813325201375	0.5071490759981254	1.281659202151249	1	4133
0.67	-0.37652955975697533	0.5489005133991839	1.488767943838639	0	3649
0.67	-0.5234813325201375	0.5081244565742141	1.410761758598749	1	4156
0.675	-0.4205116567704202	0.5520238443936192	1.488767943838639	0	3664
0.675	-0.5234813325201375	0.5085144563967128	1.410761758598749	1	4167
0.6799999999999999	-0.4205116567704202	0.554433951597891	1.488767943838639	0	3648
0.6799999999999999	-0.5234813325201375	0.509209923658645	1.410761758598749	1	4145
0.685	-0.4205116567704202	0.5566627472496959	1.488767943838639	0	3680
0.685	-0.5234813325201375	0.5089238840573359	1.4423399614879415	1	4138
0.69	-0.4205116567704202	0.5611466442199533	1.371926778937582	0	3688
0.69	-0.5234813325201375	0.5092955815888812	1.4423399614879415	1	4089
0.6950000000000001	-0.4205116567704202	0.5652499126698453	1.371926778937582	0	3710
0.6950000000000001	-0.5234813325201375	0.5093335197217029	1.4423399614879415	1	4080
0.7	-0.4205116567704202	0.5674469091055242	1.3219664802041717	0	3718
0.7	-0.5234813325201375	0.5090976750288133	1.4423399614879415	1	4066
0.7050000000000001	-0.4205116567704202	0.571445357829412	1.3221986057307482	0	3712
0.7050000000000001	-0.5234813325201375	0.5100529611727963	1.4423399614879415	1	4073
0.71	-0.4205116567704202	0.5756812150618423	1.3221986057307482	0	3713
0.71	-0.5234813325201375	0.5112764038693619	1.4423399614879415	1	4043
0.715	-0.38383762729975257	0.5799948161108373	1.3221986057307482	0	3755
0.715	-0.5234813325201375	0.5112995530576441	1.4423399614879415	1	4054
0.72	-0.38383762729975257	0.5850241024302161	1.371362234917774	0	3798
0.72	-0.5234813325201375	0.5125606969607448	1.4423399614879415	1	4002
0.725	-0.38383762729975257	0.591189732020737	1.371362234917774	0	3811
0.725	-0.5234813325201375	0.5134864599526479	1.446384825837433	1	3979
0.73	-0.3654588465749409	0.5958995695725661	1.371362234917774	0	3863
0.73	-0.5234813325201375	0.5138944807788444	1.446384825837433	1	3916
0.735	-0.3654588465749409	0.5995899496612418	1.371362234917774	0	3937
0.735	-0.5234813325201375	0.5151085868808448	1.446384825837433	1	3865
0.74	-0.3654588465749409	0.6049635063292035	1.371362234917774	0	3949
0.74	-0.5234813325201375	0.5157189600709163	1.446384825837433	1	3771
0.745	-0.3654588465749409	0.6097531917967338	1.371362234917774	0	3970
0.745	-0.5234813325201375	0.5165834551823013	1.446384825837433	1	3748
0.75	-0.3654588465749409	0.6135361755712813	1.371362234917774	0	4002
0.75	-0.5234813325201375	0.5175862274362264	1.446384825837433	1	3641
0.755	-0.3654588465749409	0.6186616585859406	1.371362234917774	0	4063
0.755	-0.5234813325201375	0.5185265768996463	1.446384825837433	1	3622
0.76	-0.36688217472125884	0.6230633254371438	1.371362234917774	0	4124
0.76	-0.5234813325201375	0.5191261739934177	1.446384825837433	1	3575
0.765	-0.3654588465749409	0.6252374096878986	1.3801041984574343	0	4181
0.765	-0.5234813325201375	0.5200233519622197	1.446384825837433	1	3528
0.77	-0.2902828838690872	0.6293615458242311	1.4079145762089518	0	4233
0.77	-0.5234813325201375	0.5207702907290297	1.446384825837433	1	3450
0.775	-0.2833202272932765	0.6323983032663562	1.4079145762089518	0	4329
0.775	-0.5234813325201375	0.5221894168149449	1.446384825837433	1	3411
0.78	-0.2944999785702005	0.6359597811145231	1.4422583543421061	0	4375
0.78	-0.5234813325201375	0.5236322743011486	1.446384825837433	1	3270
0.785	-0.2833202272932765	0.6386125569333034	1.4422583543421061	0	4474
0.785	-0.5234813325201375	0.5240881633193241	1.446384825837433	1	3184
0.79	-0.2833202272932765	0.6425973657329666	1.4422583543421061	0	4596
0.79	-0.5234813325201375	0.524485568717413	1.446384825837433	1	3094
0.7949999999999999	-0.2726704893809073	0.6481214280524256	1.4422583543421061	0	4632
0.7949999999999999	-0.5234813325201375	0.5250022312577848	1.446384825837433	1	3060
0.8	-0.2726704893809073	0.6523340392275674	1.3915716719001134	0	4715
0.8	-0.5234813325201375	0.5266460390392231	1.446384825837433	1	2974
0.8049999999999999	-0.2726704893809073	0.6550330201047413	1.4023372619597403	0	4820
0.8049999999999999	-0.5234813325201375	0.5269517864188243	1.446384825837433	1	2865
0.81	-0.24501067475161797	0.6583244826320548	1.4067260640284291	0	4933
0.81	-0.5234813325201375	0.5274350317677959	1.446384825837433	1	2752
0.815	-0.24501067475161797	0.6624048082758616	1.4255951478868316	0	5058
0.815	-0.5234813325201375	0.5286175850198898	1.5451649407729002	1	2664
0.8200000000000001	-0.24501067475161797	0.6654233733407958	1.4255951478868316	0	5132
0.8200000000000001	-0.5234813325201375	0.5289584250820113	1.5451649407729002	1	2524
0.825	-0.2691976450004012	0.6686783194571512	1.4255951478868316	0	5229
0.825	-0.5234813325201375	0.5291075026244871	1.5451649407729002	1	2390
0.8300000000000001	-0.28630996134501374	0.6738643792200244	1.5097473942615711	0	5379
0.8300000000000001	-0.5234813325201375	0.5304877949804574	1.5451649407729002	1	2258
0.835	-0.2984719385769127	0.6803763894962397	1.4921572997756989	0	5446
0.835	-0.5234813325201375	0.5316816480162229	1.5451649407729002	1	2170
0.8400000000000001	-0.2984719385769127	0.6843014845717852	1.453733744495135	0	5538
0.8400000000000001	-0.6123976689071066	0.5320483009590272	1.3872949853026255	1	2067
0.845	-0.2984719385769127	0.6878107084649647	1.5145092951199952	0	5660
0.845	-0.6123976689071066	0.5336799361985518	1.3872949853026255	1	1962
0.8500000000000001	-0.30941242200810726	0.6938751477730575	1.5145092951199952	0	5808
0.8500000000000001	-0.6123976689071066	0.5343028876687864	1.3872949853026255	1	1862
0.855	-0.30941242200810726	0.6995285986822474	1.5145092951199952	0	5863
0.855	-0.6123976689071066	0.5353249813095754	1.3872949853026255	1	1780
0.86	-0.3516623372838069	0.703968647497435	1.5145092951199952	0	5973
0.86	-0.3398473535922568	0.5346583728413097	1.3872949853026255	1	1677
0.865	-0.32538542088515027	0.7086026368450016	1.5145092951199952	0	6105
0.865	-0.40274717403567273	0.5363356673495694	1.3872949853026255	1	1606
0.87	-0.2971940872689931	0.7129583336447076	1.5145092951199952	0	6273
0.87	-0.40274717403567273	0.5372639338633982	1.3872949853026255	1	1472
0.875	-0.3027990351240975	0.7182157037744897	1.5145092951199952	0	6257
0.875	-0.40274717403567273	0.5376438724894924	1.3872949853026255	1	1390
0.88	-0.2971940872689931	0.7213624229279509	1.5145092951199952	0	6383
0.88	-0.40274717403567273	0.5387627398343358	1.3872949853026255	1	1265
0.885	-0.306679726238393	0.7250997104973589	1.5145092951199952	0	6527
0.885	-0.40274717403567273	0.5391064043532806	1.3872949853026255	1	1198
0.89	-0.306679726238393	0.7292779582779741	1.5145092951199952	0	6550
0.89	-0.40274717403567273	0.5404210254950471	1.3872949853026255	1	1076
0.895	-0.306679726238393	0.7320728601671477	1.722667153747321	0	6651
0.895	-0.40274717403567273	0.5410536865668797	1.3872949853026255	1	972
0.9	-0.306679726238393	0.736549847945114	1.722667153747321	0	6775
0.9	-0.4477082801524283	0.5417602296607469	1.3872949853026255	1	880
0.905	-0.306679726238393	0.7390075042242247	1.722667153747321	0	6878
0.905	-0.4477082801524283	0.5415313491653413	1.3267867689415167	1	797
0.91	-0.306679726238393	0.7434360865469296	1.722667153747321	0	6938
0.91	-0.4477082801524283	0.5437558843139899	1.3267867689415167	1	715
0.915	-0.306679726238393	0.7470076157858383	1.722667153747321	0	7052
0.915	-0.4477082801524283	0.5430139351928472	1.3267867689415167	1	638
0.9199999999999999	-0.4325624251554081	0.7517096194047921	1.722667153747321	0	7112
0.9199999999999999	-0.4477082801524283	0.5437890562311107	1.3267867689415167	1	611
0.925	-0.4325624251554081	0.7555516417347056	1.722667153747321	0	7141
0.925	-0.33597487389005093	0.5446340258467833	1.3267867689415167	1	568
0.9299999999999999	-0.4325624251554081	0.7607701314962304	1.722667153747321	0	7183
0.9299999999999999	-0.3499420094456864	0.5471180400550141	1.3267867689415167	1	507
0.935	-0.4325624251554081	0.7649140865880149	1.722667153747321	0	7243
0.935	-0.3499420094456864	0.5465151329893326	1.3309957708371316	1	438
0.94	-0.4325624251554081	0.7681074832028961	1.722667153747321	0	7246
0.94	-0.3499420094456864	0.5487222685281717	1.3369326935892876	1	387
0.9450000000000001	-0.2946587395761662	0.77274198648897	1.722667153747321	0	7300
0.9450000000000001	-0.3499420094456864	0.5491429231676563	1.3369326935892876	1	318
0.95	-0.28685775984401907	0.776197536471973	1.722667153747321	0	7404
0.95	-0.3499420094456864	0.5477993879537724	1.3369326935892876	1	258
0.9550000000000001	-0.3074758993949866	0.7793563959937855	1.722667153747321	0	7516
0.9550000000000001	-0.3499420094456864	0.5467561232968998	1.3369326935892876	1	226
0.96	-0.3074758993949866	0.783692620530909	1.722667153747321	0	7530
0.96	-0.3499420094456864	0.5480901783644713	1.307576092219553	1	201
0.9650000000000001	-0.3074758993949866	0.7885409971054307	1.722667153747321	0	7618
0.9650000000000001	-0.3499420094456864	0.5521626169303291	1.307576092219553	1	158
0.97	-0.3074758993949866	0.791804569782447	1.722667153747321	0	7645
0.97	-0.363224110332492	0.5563092030253092	1.307576092219553	1	142
0.9750000000000001	-0.3638843681380184	0.796217650873955	1.722667153747321	0	7610
0.9750000000000001	-0.363224110332492	0.5558141178255412	1.307576092219553	1	119
0.98	-0.3638843681380184	0.8009542794616732	1.722667153747321	0	7658
0.98	-0.25149733214209596	0.5619840106706361	1.307576092219553	1	94
0.985	-0.3638843681380184	0.8050239833107392	1.722667153747321	0	7750
0.985	-0.25149733214209596	0.5657390992039935	1.307576092219553	1	85
0.99	-0.3638843681380184	0.8099085612754682	1.6467493962912694	0	7689
0.99	-0.25149733214209596	0.5663463420973366	1.262003245163342	1	66
0.995	-0.3638843681380184	0.8135510974406843	1.6467493962912694	0	7710
0.995	-0.25149733214209596	0.565057996720128	1.262003245163342	1	56
1.0	-0.3638843681380184	0.8180689727753301	1.6467493962912694	0	7673
1.0	-0.25149733214209596	0.5681618406938664	1.262003245163342	1	52
1.005	-0.3638843681380184	0.8217297960680947	1.6467493962912694	0	7604
1.005	-0.20793429563389915	0.569444670406037	1.262003245163342	1	42
1.01	-0.23909829305919197	0.8252331749369424	1.6467493962912694	0	7616
1.01	-0.20793429563389915	0.5655049582830947	1.262003245163342	1	38
1.0150000000000001	-0.23909829305919197	0.8300013430883402	1.6467493962912694	0	7660
1.0150000000000001	-0.20793429563389915	0.557728126933063	1.262003245163342	1	38
1.02	-0.23251650067354088	0.834452929534561	1.6467493962912694	0	7686
1.02	-0.20793429563389915	0.5726721969621763	1.262003245163342	1	28
1.025	-0.23251650067354088	0.8384587112885806	1.6467493962912694	0	7743
1.025	-0.20793429563389915	0.5751383227515459	1.262003245163342	1	26
1.03	-0.23251650067354088	0.8431785120556616	1.6467493962912694	0	7676
1.03	-0.20793429563389915	0.5784802905054652	1.1448212126546862	1	26
1.0350000000000001	-0.2730909990733662	0.8473196683829834	1.6467493962912694	0	7636
1.0350000000000001	-0.20793429563389915	0.5775404320219661	1.1712143166885494	1	23
1.04	-0.2730909990733662	0.8507487292843279	1.6467493962912694	0	7682
1.04	-0.20793429563389915	0.5843076431601092	1.1712143166885494	1	25
1.045	-0.2730909990733662	0.8547018199599483	1.6467493962912694	0	7660
1.045	-0.14277760143942475	0.5942749937870127	1.1712143166885494	1	19
1.05	-0.2730909990733662	0.8588858788292277	1.8017882397770837	0	7685
1.05	-0.14277760143942475	0.593009258654333	1.1712143166885494	1	18
1.0550000000000002	-0.2730909990733662	0.8628426780924519	1.8017882397770837	0	7733
1.0550000000000002	-0.14277760143942475	0.5956708108357741	1.1712143166885494	1	17
1.06	-0.2730909990733662	0.8664469994232392	1.8017882397770837	0	7704
1.06	-0.14277760143942475	0.5913425862729663	1.163086756366215	1	13
1.065	-0.2861826488826721	0.8704964570084266	1.8017882397770837	0	7674
